agentid,step,ExpectedQvalue,CumulativeReward
0,1,44.97222222222225,6
0,2,33.3888888888889,6
0,3,30.55555555555556,6
0,4,36.05555555555557,18
0,5,33.250000000000014,18
0,6,38.97222222222222,30
0,7,35.41666666666668,30
0,8,44.24999999999999,36
0,9,38.75,36
0,10,38.16666666666668,48
0,11,40.22222222222222,48
0,12,36.472222222222214,48
0,13,39.11111111111113,48
0,14,32.111111111111114,48
0,15,42.47222222222222,48
0,16,39.50000000000001,48
0,17,39.08333333333332,48
0,18,37.83333333333333,48
0,19,43.05555555555556,48
0,20,34.77777777777778,48
0,21,39.80555555555557,48
0,22,42.33333333333336,66
0,23,39.722222222222236,84
0,24,35.916666666666686,102
0,25,37.00000000000001,102
0,26,34.30555555555556,102
0,27,38.58333333333334,102
0,28,34.33333333333335,108
0,29,44.138888888888914,108
0,30,38.02777777777778,120
0,31,35.750000000000014,120
0,32,36.58333333333334,120
0,33,37.11111111111111,120
0,34,50.999999999999986,144
0,35,42.194444444444464,162
0,36,52.61111111111112,168
0,37,49.86111111111111,180
0,38,41.86111111111113,180
0,39,53.41666666666666,180
0,40,44.97222222222226,210
0,41,51.888888888888886,210
0,42,46.6666666666667,210
0,43,57.02777777777778,210
0,44,48.500000000000014,210
0,45,50.02777777777778,210
0,46,51.25000000000001,210
0,47,52.41666666666667,210
0,48,65.77777777777777,210
0,49,53.500000000000014,210
0,50,51.722222222222236,210
0,51,52.83333333333332,210
0,52,54.5,210
0,53,50.02777777777777,210
0,54,51.277777777777786,210
0,55,57.13888888888888,210
0,56,59.83333333333334,210
0,57,63.055555555555564,210
0,58,52.361111111111114,246
0,59,53.58333333333334,264
0,60,59.777777777777786,264
0,61,50.61111111111112,276
0,62,50.86111111111109,276
0,63,59.16666666666665,276
0,64,60.49999999999999,276
0,65,59.58333333333329,282
0,66,67.72222222222219,282
0,67,49.44444444444444,294
0,68,54.08333333333335,300
0,69,63.88888888888884,306
0,70,52.638888888888886,330
0,71,64.24999999999997,330
0,72,60.8611111111111,336
0,73,67.0833333333333,336
0,74,59.24999999999998,348
0,75,57.388888888888886,354
0,76,59.444444444444414,354
0,77,59.16666666666665,354
0,78,61.388888888888886,360
0,79,61.05555555555553,360
0,80,56.499999999999986,360
0,81,56.99999999999999,360
0,82,47.05555555555556,360
0,83,57.19444444444443,360
0,84,62.472222222222214,360
0,85,58.80555555555556,360
0,86,62.52777777777777,366
0,87,59.444444444444414,366
0,88,59.194444444444436,372
0,89,63.611111111111114,372
0,90,65.2222222222222,372
0,91,74.69444444444449,384
0,92,60.388888888888864,384
0,93,67.36111111111109,390
0,94,67.19444444444444,396
0,95,75.58333333333334,396
0,96,58.91666666666665,396
0,97,70.58333333333336,396
0,98,75.88888888888893,414
0,99,72.66666666666669,420
0,100,74.66666666666664,420
0,101,72.13888888888891,426
0,102,79.88888888888894,438
0,103,79.25000000000001,438
0,104,74.02777777777777,444
0,105,75.1388888888889,444
0,106,66.94444444444444,444
0,107,70.13888888888891,444
0,108,66.19444444444446,444
0,109,68.22222222222224,444
0,110,58.52777777777781,456
0,111,72.75000000000003,456
0,112,66.63888888888889,474
0,113,61.41666666666668,474
0,114,73.58333333333336,480
0,115,62.94444444444444,492
0,116,71.97222222222221,510
0,117,73.30555555555559,510
0,118,72.36111111111109,516
0,119,64.91666666666666,516
0,120,65.69444444444447,516
0,121,72.83333333333331,534
0,122,61.97222222222222,534
0,123,64.72222222222224,534
0,124,73.72222222222226,534
0,125,70.30555555555556,534
0,126,67.16666666666669,534
0,127,69.44444444444443,534
0,128,69.88888888888887,534
0,129,76.80555555555556,534
0,130,64.58333333333334,534
0,131,69.91666666666667,534
0,132,60.694444444444464,546
0,133,75.83333333333334,570
0,134,81.58333333333334,570
0,135,59.888888888888886,570
0,136,68.72222222222224,576
0,137,67.86111111111109,582
0,138,63.75,582
0,139,62.166666666666664,582
0,140,61.33333333333335,588
0,141,65.25,588
0,142,59.22222222222223,612
0,143,64.16666666666664,612
0,144,77.08333333333337,612
0,145,60.02777777777779,618
0,146,60.97222222222222,630
0,147,68.33333333333334,630
0,148,51.38888888888891,630
0,149,63.8611111111111,630
0,150,57.61111111111111,630
0,151,63.472222222222214,642
0,152,65.6111111111111,642
0,153,69.19444444444446,642
0,154,65.08333333333331,642
0,155,57.8611111111111,654
0,156,59.41666666666668,654
0,157,65.9722222222222,654
0,158,59.500000000000014,654
0,159,59.22222222222224,654
0,160,63.80555555555556,654
0,161,65.97222222222221,654
0,162,56.416666666666686,654
0,163,59.05555555555556,660
0,164,57.58333333333335,660
0,165,52.61111111111111,672
0,166,72.16666666666663,672
0,167,64.97222222222221,672
0,168,65.83333333333334,690
0,169,67.41666666666666,690
0,170,66.08333333333336,690
0,171,57.861111111111136,708
0,172,53.52777777777781,714
0,173,65.58333333333334,720
0,174,63.02777777777777,720
0,175,66.19444444444446,720
0,176,65.22222222222227,720
0,177,64.69444444444443,720
0,178,70.52777777777781,720
0,179,56.055555555555586,720
0,180,75.66666666666667,726
0,181,62.66666666666666,726
0,182,62.22222222222224,732
0,183,65.33333333333333,744
0,184,60.694444444444464,756
0,185,63.97222222222225,768
0,186,62.52777777777776,768
0,187,61.44444444444446,768
0,188,72.1666666666667,780
0,189,70.77777777777777,780
0,190,66.25000000000001,786
0,191,70.5277777777778,786
0,192,68.25000000000004,792
0,193,66.27777777777779,792
0,194,66.69444444444446,792
0,195,53.66666666666668,792
0,196,55.750000000000014,792
0,197,63.91666666666669,792
0,198,58.66666666666669,792
0,199,63.277777777777786,792
0,200,64.72222222222224,798
0,201,58.02777777777778,798
0,202,65.75000000000001,798
0,203,51.19444444444446,798
0,204,60.19444444444444,798
0,205,64.41666666666669,798
0,206,72.05555555555559,816
0,207,67.72222222222224,816
0,208,58.16666666666669,846
0,209,65.41666666666666,846
0,210,70.50000000000004,846
0,211,71.58333333333336,852
0,212,63.222222222222214,894
0,213,60.388888888888886,894
0,214,65.58333333333333,894
0,215,67.33333333333333,894
0,216,58.05555555555558,894
0,217,74.33333333333337,894
0,218,71.08333333333333,894
0,219,67.86111111111113,894
0,220,69.19444444444444,894
0,221,63.91666666666666,894
0,222,67.6111111111111,906
0,223,65.63888888888889,906
0,224,59.277777777777786,906
0,225,72.91666666666664,924
0,226,69.02777777777779,924
0,227,63.63888888888887,924
0,228,66.38888888888889,924
0,229,65.80555555555556,924
0,230,68.11111111111111,924
0,231,72.97222222222221,924
0,232,66.72222222222223,924
0,233,72.55555555555557,924
0,234,58.94444444444446,924
0,235,59.58333333333335,924
0,236,70.33333333333331,924
0,237,63.805555555555564,930
0,238,68.97222222222224,930
0,239,76.25000000000004,930
0,240,72.36111111111111,948
0,241,73.58333333333331,948
0,242,75.97222222222224,960
0,243,76.69444444444447,960
0,244,60.944444444444464,1008
0,245,65.05555555555557,1020
0,246,73.75000000000001,1020
0,247,66.72222222222224,1038
0,248,67.77777777777779,1038
0,249,65.13888888888891,1038
0,250,68.52777777777779,1038
0,251,70.25,1038
0,252,77.86111111111114,1038
0,253,71.36111111111114,1044
0,254,79.2777777777778,1050
0,255,75.55555555555557,1056
0,256,72.11111111111113,1056
0,257,73.77777777777781,1056
0,258,60.33333333333336,1062
0,259,61.88888888888889,1068
0,260,64.55555555555556,1068
0,261,69.50000000000001,1068
0,262,72.63888888888893,1068
0,263,68.3888888888889,1068
0,264,77.33333333333339,1068
0,265,75.25000000000003,1068
0,266,63.527777777777786,1068
0,267,67.16666666666667,1068
0,268,72.4166666666667,1074
0,269,67.80555555555556,1074
0,270,66.55555555555559,1074
0,271,79.94444444444444,1074
0,272,77.52777777777776,1074
0,273,66.47222222222224,1074
0,274,69.41666666666669,1074
0,275,64.6666666666667,1074
0,276,73.08333333333336,1074
0,277,72.3611111111111,1074
0,278,74.4722222222222,1074
0,279,65.22222222222221,1074
0,280,65.61111111111113,1086
0,281,74.5277777777778,1086
0,282,68.58333333333337,1086
0,283,70.7222222222222,1086
0,284,64.94444444444447,1086
0,285,72.55555555555557,1086
0,286,76.16666666666669,1086
0,287,74.97222222222224,1092
0,288,71.27777777777779,1110
0,289,71.91666666666667,1110
0,290,78.61111111111114,1110
0,291,66.00000000000001,1110
0,292,70.4166666666667,1116
0,293,69.16666666666666,1122
0,294,73.19444444444446,1122
0,295,72.11111111111111,1128
0,296,72.66666666666667,1128
0,297,73.44444444444444,1128
0,298,65.80555555555556,1128
0,299,73.00000000000001,1128
0,300,72.61111111111113,1128
0,301,71.86111111111113,1128
0,302,58.44444444444444,1128
0,303,89.61111111111113,1140
0,304,65.83333333333334,1140
0,305,59.94444444444446,1140
0,306,68.72222222222223,1140
0,307,69.30555555555557,1140
0,308,70.5277777777778,1140
0,309,56.27777777777778,1140
0,310,66.77777777777779,1140
0,311,65.83333333333336,1146
0,312,71.13888888888889,1164
0,313,66.83333333333337,1164
0,314,67.83333333333337,1176
0,315,83.1666666666667,1176
0,316,74.08333333333331,1176
0,317,69.30555555555556,1182
0,318,69.83333333333333,1182
0,319,62.72222222222223,1182
0,320,75.55555555555557,1182
0,321,59.1388888888889,1182
0,322,68.05555555555554,1182
0,323,72.16666666666667,1182
0,324,84.16666666666669,1182
0,325,67.2777777777778,1182
0,326,71.38888888888891,1182
0,327,76.75,1182
0,328,68.88888888888891,1182
0,329,74.30555555555557,1182
0,330,72.75000000000003,1224
0,331,68.61111111111113,1326
0,332,88.66666666666671,1482
0,333,69.72222222222223,1482
0,334,79.97222222222226,1482
0,335,102.25000000000006,1488
0,336,84.6388888888889,1524
0,337,80.08333333333337,1524
0,338,91.44444444444443,1524
0,339,86.61111111111111,1524
0,340,94.22222222222224,1524
0,341,88.11111111111113,1524
0,342,84.4166666666667,1524
0,343,91.52777777777779,1524
0,344,99.44444444444443,1524
0,345,90.6388888888889,1524
0,346,84.47222222222224,1524
0,347,97.58333333333334,1524
0,348,89.94444444444444,1536
0,349,101.27777777777777,1536
0,350,106.6388888888889,1536
0,351,66.77777777777781,1554
0,352,66.41666666666669,1830
0,353,77.19444444444443,1830
0,354,76.02777777777779,1836
0,355,81.1666666666667,1836
0,356,83.91666666666667,1836
0,357,82.91666666666664,1836
0,358,92.52777777777781,1842
0,359,98.41666666666666,1848
0,360,90.58333333333339,1848
0,361,94.86111111111111,1848
0,362,92.16666666666669,2040
0,363,89.8055555555556,2064
0,364,87.4444444444445,2130
0,365,80.22222222222226,2130
0,366,86.00000000000003,2142
0,367,74.38888888888891,2142
0,368,98.41666666666671,2142
0,369,99.02777777777783,2142
0,370,92.52777777777781,2142
0,371,85.8055555555556,2148
0,372,94.69444444444446,2148
0,373,87.30555555555563,2166
0,374,96.47222222222223,2190
0,375,91.77777777777777,2190
0,376,103.00000000000007,2190
0,377,97.22222222222217,2244
0,378,93.3055555555556,2244
0,379,85.25,2244
0,380,89.19444444444444,2244
0,381,93.22222222222226,2244
0,382,95.05555555555554,2244
0,383,89.8888888888889,2262
0,384,99.47222222222223,2262
0,385,95.00000000000001,2352
0,386,103.83333333333331,2364
0,387,73.63888888888891,2406
0,388,87.2777777777778,2418
0,389,89.61111111111111,2418
0,390,82.66666666666669,2418
0,391,88.69444444444446,2418
0,392,90.22222222222224,2430
0,393,85.66666666666664,2448
0,394,90.38888888888889,2448
0,395,91.91666666666669,2448
0,396,94.05555555555557,2448
0,397,102.74999999999999,2460
0,398,95.33333333333331,2460
0,399,94.77777777777777,2472
0,400,105.55555555555557,2484
0,401,90.41666666666667,2496
0,402,93.69444444444443,2496
0,403,95.36111111111113,2520
0,404,87.86111111111111,2520
0,405,102.72222222222217,2520
0,406,111.08333333333334,2520
0,407,95.0833333333333,2520
0,408,101.58333333333331,2520
0,409,93.33333333333336,2520
0,410,94.47222222222224,2520
0,411,97.8888888888889,2520
0,412,90.05555555555549,2520
0,413,98.44444444444443,2550
0,414,102.77777777777779,2556
0,415,88.52777777777779,2556
0,416,97.05555555555557,2568
0,417,101.58333333333331,2568
0,418,96.22222222222224,2568
0,419,87.61111111111107,2568
0,420,86.16666666666666,2580
0,421,90.0277777777778,2580
0,422,100.11111111111113,2580
0,423,97.13888888888891,2580
0,424,87.86111111111113,2592
0,425,102.58333333333336,2622
0,426,90.47222222222224,2622
0,427,92.24999999999994,2622
0,428,92.24999999999997,2640
0,429,79.27777777777777,2640
0,430,87.7222222222222,2640
0,431,94.86111111111111,2646
0,432,99.55555555555556,2646
0,433,108.1111111111111,2646
0,434,86.69444444444443,2646
0,435,95.1388888888889,2646
0,436,88.80555555555551,2646
0,437,99.83333333333333,2646
0,438,92.08333333333334,2646
0,439,96.52777777777777,2646
0,440,89.77777777777773,2646
0,441,105.11111111111111,2646
0,442,99.99999999999999,2670
0,443,89.55555555555556,2676
0,444,93.33333333333333,2676
0,445,98.13888888888887,2688
0,446,95.77777777777776,2688
0,447,103.27777777777776,2688
0,448,95.16666666666667,2688
0,449,83.99999999999996,2694
0,450,81.66666666666663,2694
0,451,99.83333333333333,2718
0,452,89.3333333333333,2730
0,453,90.69444444444449,2730
0,454,92.5277777777778,2730
0,455,105.27777777777774,2730
0,456,75.36111111111113,2730
0,457,95.08333333333336,2730
0,458,97.8888888888889,2730
0,459,100.52777777777779,2730
0,460,94.0,2730
0,461,95.13888888888887,2736
0,462,101.11111111111111,2766
0,463,91.19444444444444,2766
0,464,92.97222222222219,2766
0,465,107.41666666666674,2772
0,466,94.05555555555556,2772
0,467,93.02777777777779,2772
0,468,92.49999999999999,2778
0,469,98.72222222222224,2784
0,470,94.94444444444447,2784
0,471,98.63888888888887,2790
0,472,91.61111111111117,2790
0,473,95.83333333333336,2796
0,474,99.97222222222221,2802
0,475,99.66666666666667,2802
0,476,102.36111111111113,2802
0,477,99.30555555555554,2808
0,478,93.91666666666669,2808
0,479,96.86111111111111,2808
0,480,98.19444444444444,2814
0,481,97.27777777777779,2814
0,482,104.63888888888887,2814
0,483,99.19444444444443,2814
0,484,98.41666666666666,2826
0,485,92.80555555555557,2826
0,486,99.55555555555553,2832
0,487,92.49999999999999,2838
0,488,95.9722222222222,2838
0,489,109.6388888888889,2838
0,490,102.16666666666664,2838
0,491,102.05555555555554,2844
0,492,98.83333333333336,2850
0,493,102.63888888888887,2856
0,494,89.24999999999997,2856
0,495,95.36111111111114,2880
0,496,101.55555555555557,2880
0,497,94.22222222222229,2880
0,498,87.80555555555553,2880
0,499,90.5277777777778,2880
0,500,102.22222222222224,2880
0,501,101.33333333333331,2880
0,502,89.27777777777773,2880
0,503,107.33333333333336,2880
0,504,90.88888888888891,2886
0,505,95.58333333333334,2886
0,506,98.61111111111114,2904
0,507,93.25,2904
0,508,99.61111111111114,2928
0,509,106.11111111111116,2928
0,510,98.30555555555556,2928
0,511,98.1944444444444,2928
0,512,105.08333333333331,2934
0,513,98.16666666666667,2934
0,514,97.41666666666669,2934
0,515,95.75,2934
0,516,105.6388888888889,2940
0,517,95.44444444444446,2940
0,518,106.72222222222223,2940
0,519,95.33333333333337,2940
0,520,102.33333333333336,2940
0,521,94.08333333333331,2940
0,522,93.86111111111114,2946
0,523,94.38888888888893,2946
0,524,98.13888888888889,2946
0,525,101.19444444444444,2946
0,526,96.19444444444439,2946
0,527,103.58333333333336,2946
0,528,107.08333333333334,2946
0,529,94.33333333333334,2958
0,530,84.33333333333333,2958
0,531,95.91666666666664,2958
0,532,102.75000000000001,2958
0,533,95.94444444444446,2958
0,534,97.1388888888889,2958
0,535,103.36111111111109,2964
0,536,98.88888888888886,2964
0,537,102.86111111111111,2976
0,538,108.44444444444441,2976
0,539,98.83333333333329,2976
0,540,113.36111111111111,2976
0,541,94.61111111111113,2976
0,542,105.50000000000003,2982
0,543,130.86111111111106,2982
0,544,116.16666666666661,2982
0,545,125.55555555555553,2982
0,546,118.16666666666666,2982
0,547,134.0277777777778,2988
0,548,124.22222222222224,2988
0,549,123.1388888888889,3006
0,550,109.44444444444441,3006
0,551,118.0277777777778,3006
0,552,100.88888888888889,3018
0,553,104.25000000000001,3018
0,554,99.7777777777778,3018
0,555,96.9444444444444,3018
0,556,95.22222222222217,3018
0,557,94.97222222222217,3018
0,558,90.9166666666667,3030
0,559,100.74999999999999,3036
0,560,87.86111111111107,3036
0,561,97.80555555555554,3036
0,562,107.63888888888886,3036
0,563,103.8611111111111,3036
0,564,98.66666666666666,3036
0,565,95.86111111111107,3042
0,566,98.36111111111116,3048
0,567,93.27777777777781,3048
0,568,92.91666666666664,3054
0,569,111.88888888888889,3054
0,570,99.47222222222227,3054
0,571,96.25,3060
0,572,97.6111111111111,3066
0,573,94.11111111111111,3078
0,574,103.19444444444443,3078
0,575,101.19444444444447,3084
0,576,103.50000000000003,3084
0,577,96.33333333333333,3084
0,578,107.38888888888889,3084
0,579,106.36111111111114,3084
0,580,96.69444444444449,3084
0,581,97.44444444444446,3084
0,582,110.1111111111111,3084
0,583,92.50000000000003,3084
0,584,102.33333333333333,3084
0,585,104.19444444444444,3090
0,586,97.50000000000006,3096
0,587,91.52777777777779,3102
0,588,107.83333333333333,3102
0,589,102.16666666666669,3102
0,590,81.05555555555554,3120
0,591,95.16666666666671,3120
0,592,99.38888888888891,3132
0,593,90.13888888888893,3138
0,594,103.94444444444441,3144
0,595,103.72222222222219,3144
0,596,106.77777777777774,3150
0,597,114.27777777777773,3150
0,598,97.77777777777776,3162
0,599,92.47222222222221,3162
0,600,105.55555555555556,3180
0,601,100.97222222222224,3186
0,602,103.61111111111113,3210
0,603,104.30555555555557,3210
0,604,103.05555555555559,3210
0,605,96.08333333333333,3210
0,606,100.66666666666667,3222
0,607,113.72222222222221,3222
0,608,94.19444444444446,3222
0,609,89.13888888888891,3222
0,610,102.55555555555554,3228
0,611,105.52777777777777,3240
0,612,98.88888888888889,3240
0,613,90.66666666666669,3246
0,614,90.86111111111111,3252
0,615,107.97222222222221,3252
0,616,112.08333333333334,3252
0,617,95.4166666666667,3252
0,618,101.52777777777776,3252
0,619,110.72222222222221,3252
0,620,110.80555555555556,3252
0,621,95.91666666666663,3252
0,622,93.05555555555554,3252
0,623,104.4166666666667,3252
0,624,96.66666666666669,3258
0,625,94.1666666666667,3258
0,626,96.80555555555559,3270
0,627,99.05555555555553,3282
0,628,83.80555555555556,3282
0,629,97.50000000000001,3288
0,630,94.72222222222221,3300
0,631,103.97222222222224,3306
0,632,100.86111111111113,3324
0,633,109.22222222222226,3324
0,634,100.36111111111111,3336
0,635,101.11111111111114,3342
0,636,95.75000000000001,3342
0,637,107.83333333333336,3342
0,638,96.08333333333334,3342
0,639,91.0555555555555,3342
0,640,115.27777777777777,3354
0,641,110.86111111111111,3354
0,642,98.75,3360
0,643,96.72222222222223,3360
0,644,89.55555555555554,3360
0,645,93.6111111111111,3360
0,646,101.80555555555559,3360
0,647,91.83333333333333,3372
0,648,87.80555555555557,3372
0,649,107.69444444444446,3372
0,650,99.05555555555559,3372
0,651,99.13888888888887,3372
0,652,99.41666666666666,3372
0,653,83.69444444444446,3372
0,654,99.88888888888889,3372
0,655,94.58333333333333,3372
0,656,96.97222222222224,3372
0,657,103.13888888888889,3372
0,658,96.16666666666667,3378
0,659,99.72222222222223,3378
0,660,95.05555555555551,3378
0,661,94.75000000000003,3378
0,662,99.69444444444446,3378
0,663,107.11111111111113,3378
0,664,95.44444444444446,3384
0,665,94.97222222222219,3384
0,666,111.77777777777779,3390
0,667,112.1388888888889,3396
0,668,107.5,3402
0,669,96.0833333333333,3402
0,670,99.25000000000003,3414
0,671,109.52777777777783,3420
0,672,93.36111111111109,3420
0,673,87.91666666666664,3420
0,674,100.80555555555559,3420
0,675,94.02777777777779,3420
0,676,106.16666666666664,3420
0,677,107.08333333333334,3420
0,678,91.2777777777778,3420
0,679,100.47222222222219,3420
0,680,102.75,3420
0,681,92.91666666666669,3426
0,682,104.91666666666667,3426
0,683,95.22222222222223,3426
0,684,98.77777777777776,3444
0,685,97.97222222222221,3444
0,686,106.83333333333333,3444
0,687,102.33333333333331,3444
0,688,100.69444444444449,3444
0,689,103.00000000000001,3474
0,690,106.38888888888891,3480
0,691,104.08333333333331,3480
0,692,104.63888888888889,3480
0,693,107.6666666666667,3486
0,694,112.77777777777783,3504
0,695,93.52777777777781,3504
0,696,108.94444444444449,3504
0,697,99.22222222222221,3504
0,698,106.55555555555553,3504
0,699,91.36111111111113,3504
0,700,98.0277777777778,3504
0,701,92.66666666666663,3516
0,702,101.88888888888891,3516
0,703,96.83333333333331,3516
0,704,94.19444444444444,3516
0,705,98.47222222222223,3522
0,706,91.52777777777776,3522
0,707,88.08333333333336,3522
0,708,102.02777777777777,3522
0,709,103.52777777777781,3534
0,710,94.27777777777781,3540
0,711,112.66666666666667,3540
0,712,108.11111111111107,3546
0,713,84.05555555555554,3546
0,714,103.66666666666667,3552
0,715,96.3888888888889,3558
0,716,93.19444444444444,3558
0,717,87.05555555555556,3558
0,718,105.91666666666663,3564
0,719,102.44444444444444,3564
0,720,80.52777777777779,3576
0,721,93.27777777777779,3576
0,722,111.75,3582
0,723,98.41666666666666,3588
0,724,100.16666666666667,3618
0,725,115.0,3618
0,726,97.9166666666666,3618
0,727,100.52777777777776,3624
0,728,105.91666666666671,3630
0,729,105.50000000000001,3630
0,730,109.47222222222219,3636
0,731,100.05555555555557,3636
0,732,108.19444444444449,3636
0,733,102.63888888888889,3648
0,734,106.63888888888893,3648
0,735,93.16666666666667,3648
0,736,97.22222222222223,3654
0,737,89.94444444444446,3654
0,738,104.25,3660
0,739,106.97222222222223,3666
0,740,97.99999999999999,3666
0,741,109.00000000000004,3672
0,742,97.61111111111114,3672
0,743,100.5555555555556,3678
0,744,95.38888888888893,3678
0,745,108.80555555555556,3678
0,746,94.05555555555561,3678
0,747,99.41666666666664,3678
0,748,108.5,3678
0,749,95.66666666666667,3678
0,750,99.36111111111113,3684
0,751,102.99999999999997,3684
0,752,102.75000000000003,3684
0,753,98.49999999999999,3690
0,754,98.22222222222221,3690
0,755,104.1111111111111,3690
0,756,104.58333333333334,3690
0,757,108.00000000000001,3690
0,758,111.80555555555557,3690
0,759,108.6666666666667,3690
0,760,84.47222222222221,3696
0,761,96.2222222222222,3696
0,762,99.52777777777779,3696
0,763,91.6111111111111,3696
0,764,92.72222222222221,3702
0,765,95.05555555555556,3702
0,766,100.61111111111114,3714
0,767,96.94444444444446,3714
0,768,104.86111111111116,3714
0,769,101.86111111111111,3714
0,770,89.55555555555551,3714
0,771,92.49999999999999,3714
0,772,96.13888888888886,3714
0,773,98.80555555555559,3726
0,774,101.16666666666663,3726
0,775,78.38888888888887,3726
0,776,103.83333333333336,3726
0,777,98.94444444444444,3726
0,778,103.69444444444451,3726
0,779,96.58333333333329,3738
0,780,101.41666666666663,3738
0,781,101.1388888888889,3744
0,782,95.30555555555554,3744
0,783,98.50000000000001,3744
0,784,98.5,3750
0,785,100.1944444444444,3750
0,786,115.91666666666664,3762
0,787,104.02777777777776,3768
0,788,104.94444444444446,3774
0,789,100.83333333333331,3774
0,790,99.72222222222223,3774
0,791,107.80555555555557,3774
0,792,114.69444444444447,3780
0,793,93.97222222222224,3780
0,794,98.41666666666667,3780
0,795,92.63888888888889,3780
0,796,98.83333333333336,3780
0,797,104.61111111111113,3780
0,798,110.6388888888889,3780
0,799,102.30555555555559,3780
0,800,92.6111111111111,3786
0,801,96.41666666666663,3786
0,802,107.55555555555561,3786
0,803,89.66666666666666,3792
0,804,103.05555555555551,3792
0,805,107.91666666666671,3792
0,806,97.61111111111114,3804
0,807,108.00000000000001,3816
0,808,101.25000000000006,3822
0,809,108.55555555555556,3822
0,810,97.25,3822
0,811,99.08333333333336,3828
0,812,116.38888888888889,3828
0,813,97.8333333333333,3828
0,814,109.0277777777778,3828
0,815,113.5277777777778,3828
0,816,86.44444444444444,3828
0,817,100.24999999999999,3840
0,818,88.91666666666663,3840
0,819,101.47222222222223,3840
0,820,100.91666666666664,3840
0,821,99.41666666666667,3840
0,822,92.16666666666669,3840
0,823,99.49999999999997,3840
0,824,102.05555555555556,3864
0,825,89.16666666666663,3864
0,826,95.3611111111111,3876
0,827,88.97222222222221,3882
0,828,105.0,3882
0,829,107.19444444444446,3882
0,830,104.36111111111111,3882
0,831,97.27777777777779,3882
0,832,87.77777777777776,3882
0,833,104.38888888888889,3882
0,834,110.86111111111111,3888
0,835,101.88888888888887,3900
0,836,101.33333333333331,3900
0,837,100.5555555555556,3900
0,838,107.91666666666669,3900
0,839,102.91666666666663,3900
0,840,92.50000000000003,3900
0,841,90.99999999999999,3900
0,842,95.83333333333333,3900
0,843,105.77777777777779,3900
0,844,90.3611111111111,3900
0,845,89.58333333333334,3906
0,846,93.0833333333333,3912
0,847,82.11111111111111,3924
0,848,101.00000000000001,3924
0,849,93.66666666666669,3930
0,850,99.86111111111113,3930
0,851,104.11111111111111,3930
0,852,97.80555555555557,3930
0,853,96.83333333333336,3930
0,854,87.33333333333334,3930
0,855,98.52777777777777,3936
0,856,119.41666666666669,3936
0,857,106.02777777777779,3936
0,858,124.25,3936
0,859,133.97222222222226,3942
0,860,119.49999999999996,3942
0,861,121.49999999999996,3942
0,862,130.8333333333333,3942
0,863,126.44444444444447,3942
0,864,124.0,3948
0,865,104.44444444444443,3954
0,866,120.24999999999997,3954
0,867,122.08333333333336,3966
0,868,125.74999999999997,3966
0,869,114.91666666666659,3966
0,870,133.8333333333333,3966
0,871,126.3611111111111,3966
0,872,114.99999999999999,3966
0,873,125.22222222222219,3966
0,874,127.33333333333333,3966
0,875,111.8333333333333,3972
0,876,112.52777777777774,3972
0,877,120.7222222222222,3978
0,878,113.30555555555554,3984
0,879,107.72222222222213,3984
0,880,124.16666666666663,3984
0,881,128.55555555555554,3984
0,882,112.08333333333331,3984
0,883,127.16666666666669,3990
0,884,125.4166666666666,3990
0,885,120.05555555555556,3990
0,886,121.22222222222214,3990
0,887,123.58333333333326,3990
0,888,139.4722222222222,3996
0,889,120.61111111111109,3996
0,890,120.69444444444444,3996
0,891,127.80555555555556,4002
0,892,125.77777777777771,4020
0,893,127.0833333333333,4020
0,894,119.30555555555551,4020
0,895,138.66666666666666,4020
0,896,128.7777777777778,4038
0,897,128.55555555555551,4044
0,898,119.24999999999996,4044
0,899,112.25000000000001,4044
0,900,120.30555555555553,4044
0,901,121.72222222222221,4044
0,902,116.02777777777777,4050
0,903,112.91666666666667,4062
0,904,126.94444444444443,4068
0,905,138.02777777777777,4074
0,906,118.33333333333334,4074
0,907,110.4722222222222,4080
0,908,124.0833333333333,4086
0,909,106.8611111111111,4092
0,910,125.91666666666664,4098
0,911,121.3611111111111,4098
0,912,111.77777777777774,4098
0,913,116.13888888888889,4098
0,914,136.61111111111114,4098
0,915,122.33333333333327,4098
0,916,121.33333333333337,4098
0,917,113.05555555555554,4098
0,918,126.19444444444443,4098
0,919,122.77777777777771,4098
0,920,119.47222222222226,4098
0,921,126.6666666666666,4098
0,922,140.49999999999997,4098
0,923,124.16666666666663,4098
0,924,116.58333333333327,4098
0,925,123.0,4098
0,926,124.24999999999999,4104
0,927,114.30555555555557,4116
0,928,128.61111111111114,4116
0,929,131.61111111111106,4116
0,930,123.52777777777777,4116
0,931,134.94444444444446,4122
0,932,116.36111111111106,4122
0,933,121.47222222222224,4122
0,934,111.11111111111113,4128
0,935,138.05555555555557,4128
0,936,121.97222222222223,4128
0,937,126.80555555555556,4140
0,938,117.80555555555557,4146
0,939,130.05555555555554,4146
0,940,115.2222222222222,4158
0,941,122.63888888888886,4164
0,942,107.94444444444444,4164
0,943,129.7777777777778,4170
0,944,122.27777777777776,4170
0,945,135.86111111111114,4176
0,946,126.2777777777777,4176
0,947,128.27777777777777,4176
0,948,110.99999999999997,4176
0,949,124.69444444444441,4176
0,950,114.13888888888887,4176
0,951,129.80555555555551,4176
0,952,117.30555555555547,4182
0,953,117.86111111111109,4188
0,954,111.4722222222222,4188
0,955,127.05555555555554,4188
0,956,123.24999999999999,4194
0,957,132.63888888888886,4194
0,958,125.80555555555561,4200
0,959,128.11111111111111,4200
0,960,130.99999999999994,4206
0,961,123.16666666666664,4212
0,962,112.27777777777774,4218
0,963,122.36111111111111,4218
0,964,114.5555555555555,4224
0,965,132.83333333333331,4224
0,966,124.9722222222222,4224
0,967,126.52777777777777,4224
0,968,116.58333333333327,4236
0,969,130.80555555555557,4236
0,970,119.11111111111109,4236
0,971,130.77777777777774,4254
0,972,117.83333333333339,4254
0,973,123.86111111111107,4254
0,974,121.36111111111111,4254
0,975,129.2222222222222,4254
0,976,114.24999999999996,4254
0,977,123.19444444444443,4254
0,978,118.22222222222223,4254
0,979,130.27777777777777,4254
0,980,117.38888888888883,4254
0,981,121.83333333333333,4254
0,982,126.61111111111104,4254
0,983,131.63888888888889,4254
0,984,112.83333333333331,4272
0,985,124.80555555555556,4272
0,986,119.99999999999999,4272
0,987,132.22222222222217,4272
0,988,116.61111111111109,4296
0,989,120.99999999999997,4308
0,990,126.38888888888884,4314
0,991,112.08333333333333,4314
0,992,120.88888888888889,4320
0,993,132.47222222222217,4320
0,994,112.61111111111111,4320
0,995,125.86111111111106,4338
0,996,134.9166666666667,4338
0,997,130.88888888888886,4338
0,998,122.33333333333331,4344
0,999,133.2777777777777,4344
0,1000,124.88888888888893,4344
1,1,42.777777777777764,0
1,2,41.16666666666668,0
1,3,34.97222222222223,0
1,4,37.88888888888889,0
1,5,38.55555555555556,6
1,6,36.05555555555556,6
1,7,33.80555555555556,6
1,8,35.916666666666664,6
1,9,32.611111111111114,6
1,10,36.416666666666664,6
1,11,35.16666666666667,6
1,12,35.08333333333333,18
1,13,31.86111111111112,18
1,14,38.138888888888886,30
1,15,40.19444444444444,48
1,16,35.22222222222222,48
1,17,41.666666666666664,54
1,18,40.33333333333334,54
1,19,35.361111111111136,54
1,20,33.8888888888889,54
1,21,34.02777777777778,54
1,22,35.11111111111113,54
1,23,39.222222222222236,54
1,24,30.444444444444457,60
1,25,32.8888888888889,60
1,26,34.722222222222214,78
1,27,37.666666666666664,78
1,28,33.0277777777778,96
1,29,30.38888888888889,108
1,30,31.972222222222232,114
1,31,33.47222222222222,144
1,32,31.500000000000004,144
1,33,32.30555555555556,144
1,34,34.88888888888889,144
1,35,28.583333333333346,144
1,36,33.72222222222222,144
1,37,35.638888888888886,144
1,38,33.16666666666668,144
1,39,35.33333333333333,144
1,40,32.527777777777786,144
1,41,35.94444444444445,144
1,42,35.5,144
1,43,30.05555555555557,144
1,44,31.138888888888886,144
1,45,36.47222222222221,144
1,46,35.166666666666686,144
1,47,33.888888888888886,144
1,48,34.44444444444445,144
1,49,33.72222222222222,144
1,50,28.555555555555554,144
1,51,32.63888888888889,144
1,52,32.83333333333333,144
1,53,39.08333333333334,144
1,54,35.66666666666667,144
1,55,36.05555555555557,144
1,56,31.666666666666668,150
1,57,30.11111111111113,150
1,58,33.55555555555558,150
1,59,35.41666666666667,210
1,60,33.8888888888889,210
1,61,33.91666666666668,210
1,62,38.91666666666668,210
1,63,31.50000000000001,210
1,64,33.08333333333334,210
1,65,30.250000000000004,210
1,66,36.86111111111113,210
1,67,39.94444444444444,210
1,68,40.13888888888891,210
1,69,34.972222222222236,210
1,70,31.61111111111111,210
1,71,34.11111111111112,210
1,72,38.222222222222236,222
1,73,36.16666666666667,228
1,74,37.611111111111114,258
1,75,38.27777777777777,258
1,76,34.30555555555557,258
1,77,38.55555555555556,258
1,78,34.805555555555564,264
1,79,34.66666666666667,270
1,80,36.916666666666664,276
1,81,38.361111111111114,276
1,82,40.83333333333336,276
1,83,36.1388888888889,276
1,84,42.83333333333334,276
1,85,37.30555555555556,276
1,86,40.75,276
1,87,40.08333333333336,276
1,88,39.27777777777781,276
1,89,37.22222222222226,276
1,90,37.86111111111111,282
1,91,40.63888888888891,282
1,92,44.583333333333364,282
1,93,43.75000000000001,282
1,94,38.25,294
1,95,45.361111111111114,294
1,96,41.83333333333335,294
1,97,47.13888888888889,300
1,98,37.41666666666667,300
1,99,40.91666666666667,300
1,100,39.638888888888914,300
1,101,43.38888888888891,300
1,102,37.583333333333336,300
1,103,44.3888888888889,300
1,104,44.166666666666664,306
1,105,39.7777777777778,318
1,106,40.63888888888891,318
1,107,40.69444444444445,318
1,108,39.416666666666686,318
1,109,43.83333333333334,324
1,110,43.583333333333364,324
1,111,42.27777777777778,324
1,112,42.027777777777764,324
1,113,43.749999999999986,342
1,114,41.44444444444446,342
1,115,45.777777777777786,342
1,116,46.69444444444445,348
1,117,39.25000000000001,348
1,118,39.805555555555564,348
1,119,40.69444444444445,348
1,120,42.58333333333333,354
1,121,41.277777777777786,354
1,122,39.27777777777779,360
1,123,45.222222222222236,360
1,124,46.47222222222222,366
1,125,43.47222222222222,366
1,126,42.749999999999986,366
1,127,40.972222222222214,366
1,128,42.86111111111112,372
1,129,51.777777777777764,378
1,130,58.555555555555536,378
1,131,53.72222222222221,378
1,132,57.333333333333314,384
1,133,56.55555555555551,384
1,134,53.63888888888888,384
1,135,46.083333333333314,384
1,136,51.722222222222214,408
1,137,58.16666666666666,408
1,138,46.77777777777777,408
1,139,51.166666666666664,408
1,140,51.4722222222222,408
1,141,54.99999999999997,408
1,142,49.666666666666686,408
1,143,51.805555555555564,438
1,144,44.25000000000001,438
1,145,46.27777777777777,438
1,146,53.33333333333335,438
1,147,57.7222222222222,444
1,148,45.16666666666667,450
1,149,51.02777777777777,450
1,150,50.972222222222214,450
1,151,52.47222222222221,450
1,152,46.16666666666666,450
1,153,53.305555555555564,450
1,154,54.08333333333335,450
1,155,53.694444444444436,450
1,156,62.58333333333333,450
1,157,57.888888888888864,456
1,158,48.75000000000001,462
1,159,51.08333333333331,462
1,160,49.52777777777777,462
1,161,51.638888888888886,462
1,162,57.13888888888889,462
1,163,58.74999999999999,480
1,164,56.222222222222214,516
1,165,52.22222222222222,516
1,166,50.55555555555557,516
1,167,48.63888888888888,516
1,168,48.91666666666668,516
1,169,37.999999999999986,516
1,170,36.69444444444445,516
1,171,38.41666666666667,516
1,172,53.22222222222225,522
1,173,50.41666666666668,522
1,174,53.38888888888889,522
1,175,60.8333333333333,522
1,176,54.36111111111112,522
1,177,56.22222222222222,528
1,178,50.88888888888888,528
1,179,53.58333333333335,540
1,180,52.472222222222236,546
1,181,49.166666666666664,564
1,182,63.555555555555536,576
1,183,56.500000000000014,576
1,184,50.972222222222214,576
1,185,50.388888888888914,576
1,186,44.00000000000001,582
1,187,49.97222222222222,588
1,188,46.6388888888889,588
1,189,45.66666666666665,588
1,190,55.25000000000001,588
1,191,49.8888888888889,588
1,192,59.83333333333332,606
1,193,51.30555555555556,606
1,194,57.11111111111109,606
1,195,54.16666666666667,606
1,196,50.58333333333332,606
1,197,53.44444444444442,606
1,198,47.83333333333333,612
1,199,54.44444444444446,612
1,200,56.61111111111109,612
1,201,47.91666666666666,612
1,202,52.94444444444447,612
1,203,52.805555555555536,612
1,204,50.08333333333334,612
1,205,44.83333333333335,612
1,206,49.24999999999999,612
1,207,48.52777777777777,618
1,208,49.25000000000001,618
1,209,45.77777777777779,618
1,210,52.05555555555554,618
1,211,47.52777777777778,618
1,212,57.05555555555555,618
1,213,53.8333333333333,618
1,214,54.25000000000001,618
1,215,51.55555555555556,618
1,216,49.0,624
1,217,57.611111111111136,624
1,218,55.1388888888889,630
1,219,59.027777777777786,630
1,220,53.13888888888889,630
1,221,55.72222222222222,630
1,222,56.69444444444446,630
1,223,55.277777777777786,630
1,224,45.472222222222214,630
1,225,50.333333333333314,630
1,226,52.30555555555556,630
1,227,54.25000000000002,630
1,228,48.16666666666664,630
1,229,59.36111111111107,630
1,230,44.47222222222221,630
1,231,48.88888888888887,630
1,232,49.47222222222221,630
1,233,38.61111111111112,630
1,234,59.86111111111111,630
1,235,49.33333333333334,630
1,236,55.861111111111114,630
1,237,41.000000000000014,630
1,238,43.1388888888889,630
1,239,60.13888888888888,630
1,240,57.388888888888864,798
1,241,50.1111111111111,798
1,242,51.77777777777777,798
1,243,46.69444444444444,798
1,244,49.41666666666667,804
1,245,57.944444444444436,804
1,246,51.166666666666664,804
1,247,50.083333333333336,852
1,248,50.222222222222214,1068
1,249,73.16666666666666,1392
1,250,83.77777777777774,1392
1,251,84.05555555555556,1392
1,252,70.22222222222224,1392
1,253,85.58333333333336,1392
1,254,89.22222222222224,1476
1,255,93.86111111111114,1482
1,256,89.49999999999999,1482
1,257,94.7777777777778,1482
1,258,75.63888888888889,1482
1,259,95.25000000000003,1482
1,260,80.55555555555554,1482
1,261,83.52777777777781,1482
1,262,99.19444444444444,1482
1,263,93.74999999999999,1494
1,264,83.66666666666671,1542
1,265,89.94444444444446,1542
1,266,83.22222222222224,1542
1,267,103.25000000000006,1542
1,268,78.08333333333336,1542
1,269,91.36111111111116,1560
1,270,92.61111111111113,1560
1,271,104.52777777777781,1596
1,272,85.41666666666669,1596
1,273,105.58333333333337,1596
1,274,77.86111111111109,1596
1,275,88.30555555555554,1596
1,276,88.72222222222221,1608
1,277,63.61111111111113,1608
1,278,88.33333333333337,1608
1,279,101.00000000000001,1614
1,280,64.27777777777777,1614
1,281,82.08333333333333,1620
1,282,95.38888888888887,1626
1,283,98.55555555555556,1626
1,284,74.72222222222221,1626
1,285,98.72222222222223,1626
1,286,94.08333333333334,1626
1,287,71.44444444444444,1626
1,288,104.3333333333334,1626
1,289,72.97222222222223,1626
1,290,83.7777777777778,1626
1,291,78.25000000000001,1632
1,292,87.97222222222221,1632
1,293,105.19444444444446,1638
1,294,105.38888888888894,1638
1,295,81.27777777777784,1638
1,296,88.30555555555559,1638
1,297,100.75000000000006,1638
1,298,92.25000000000007,1638
1,299,92.1388888888889,1638
1,300,95.8888888888889,1638
1,301,92.19444444444451,1638
1,302,79.05555555555557,1650
1,303,87.22222222222223,1650
1,304,84.63888888888886,1650
1,305,94.77777777777781,1650
1,306,75.27777777777776,1650
1,307,89.63888888888884,1650
1,308,82.58333333333333,1650
1,309,99.47222222222227,1650
1,310,99.36111111111116,1680
1,311,79.88888888888891,1680
1,312,82.5277777777778,1686
1,313,90.50000000000006,1716
1,314,77.63888888888889,1716
1,315,83.05555555555554,1716
1,316,86.69444444444446,1716
1,317,92.72222222222221,1716
1,318,86.13888888888894,1716
1,319,83.69444444444443,1716
1,320,81.61111111111116,1728
1,321,88.44444444444446,1728
1,322,83.08333333333337,1728
1,323,86.00000000000003,1728
1,324,100.69444444444447,1734
1,325,115.61111111111117,1734
1,326,109.25000000000009,1746
1,327,107.61111111111119,1746
1,328,93.36111111111116,1746
1,329,102.58333333333337,1746
1,330,100.47222222222229,1746
1,331,105.75000000000003,1746
1,332,119.33333333333337,1764
1,333,103.27777777777783,1764
1,334,121.6111111111112,1764
1,335,108.11111111111113,1764
1,336,103.80555555555557,1764
1,337,119.30555555555557,1770
1,338,109.1388888888889,1776
1,339,119.27777777777777,1776
1,340,114.19444444444449,1782
1,341,139.00000000000006,1782
1,342,97.16666666666671,1782
1,343,134.86111111111111,1782
1,344,131.36111111111114,1782
1,345,113.44444444444444,1782
1,346,98.8611111111111,1788
1,347,112.52777777777783,1794
1,348,110.91666666666666,1794
1,349,139.27777777777783,1794
1,350,141.25000000000009,1806
1,351,117.1111111111111,1806
1,352,123.50000000000004,1824
1,353,121.19444444444451,1824
1,354,112.0555555555556,1848
1,355,126.86111111111114,1848
1,356,117.66666666666673,1866
1,357,123.08333333333339,1866
1,358,112.38888888888889,1878
1,359,109.66666666666671,1884
1,360,107.4166666666667,1890
1,361,119.58333333333339,1890
1,362,128.6111111111111,1890
1,363,123.88888888888896,1896
1,364,119.72222222222224,1896
1,365,128.0277777777778,1896
1,366,142.80555555555557,1896
1,367,137.5277777777778,1896
1,368,99.33333333333334,1896
1,369,115.5555555555556,1896
1,370,108.11111111111123,1896
1,371,126.16666666666669,1896
1,372,104.63888888888893,1902
1,373,119.02777777777783,1926
1,374,127.66666666666669,1926
1,375,120.50000000000003,1926
1,376,116.58333333333337,1926
1,377,97.05555555555556,1926
1,378,108.86111111111111,1926
1,379,119.02777777777784,1926
1,380,118.75000000000006,1926
1,381,107.02777777777779,1944
1,382,115.63888888888891,1968
1,383,120.9722222222223,1974
1,384,125.1388888888889,1980
1,385,127.58333333333339,1986
1,386,126.0,1992
1,387,107.08333333333334,1992
1,388,130.1388888888889,1992
1,389,137.80555555555557,2004
1,390,118.3055555555556,2052
1,391,137.75000000000003,2058
1,392,125.8888888888889,2064
1,393,123.94444444444449,2070
1,394,105.69444444444447,2076
1,395,115.61111111111113,2076
1,396,108.97222222222227,2076
1,397,106.50000000000003,2094
1,398,109.86111111111114,2094
1,399,117.49999999999996,2094
1,400,102.63888888888886,2094
1,401,122.91666666666671,2100
1,402,109.27777777777781,2118
1,403,103.75,2118
1,404,123.77777777777781,2124
1,405,107.5833333333334,2124
1,406,115.19444444444447,2124
1,407,111.72222222222227,2142
1,408,87.3888888888889,2166
1,409,113.16666666666671,2166
1,410,129.4722222222223,2166
1,411,107.50000000000009,2166
1,412,134.8888888888889,2172
1,413,121.52777777777783,2172
1,414,132.58333333333337,2178
1,415,117.47222222222221,2178
1,416,119.50000000000001,2178
1,417,150.55555555555551,2178
1,418,102.61111111111107,2178
1,419,130.1388888888889,2178
1,420,122.13888888888889,2178
1,421,112.8888888888889,2178
1,422,123.11111111111111,2178
1,423,113.8055555555556,2178
1,424,115.4166666666667,2178
1,425,120.05555555555561,2178
1,426,115.88888888888896,2178
1,427,134.86111111111114,2178
1,428,130.66666666666674,2178
1,429,120.47222222222224,2178
1,430,115.8055555555556,2184
1,431,111.30555555555557,2190
1,432,117.1388888888889,2190
1,433,121.9166666666667,2190
1,434,126.91666666666663,2190
1,435,113.11111111111113,2190
1,436,119.72222222222224,2190
1,437,113.86111111111113,2190
1,438,120.0833333333334,2190
1,439,125.86111111111117,2238
1,440,115.22222222222227,2238
1,441,130.0,2238
1,442,130.16666666666674,2238
1,443,131.30555555555554,2238
1,444,120.41666666666669,2238
1,445,119.72222222222231,2238
1,446,129.69444444444446,2328
1,447,126.61111111111114,2346
1,448,108.69444444444453,2346
1,449,127.02777777777786,2346
1,450,117.91666666666673,2346
1,451,140.72222222222229,2400
1,452,131.97222222222223,2472
1,453,143.58333333333337,2472
1,454,113.19444444444447,2472
1,455,119.97222222222229,2472
1,456,101.0277777777778,2472
1,457,110.69444444444444,2484
1,458,120.22222222222221,2484
1,459,140.25000000000006,2496
1,460,109.27777777777777,2502
1,461,123.61111111111114,2502
1,462,126.02777777777786,2502
1,463,130.47222222222226,2508
1,464,176.0277777777778,2532
1,465,175.41666666666686,2532
1,466,142.83333333333343,2556
1,467,146.6111111111111,2556
1,468,140.4444444444445,2556
1,469,129.00000000000003,2556
1,470,142.25000000000006,2556
1,471,123.99999999999999,2556
1,472,125.97222222222229,2556
1,473,127.19444444444449,2556
1,474,153.75000000000006,2556
1,475,117.97222222222226,2556
1,476,148.41666666666669,2568
1,477,147.88888888888883,2568
1,478,157.69444444444446,2580
1,479,140.58333333333337,2598
1,480,129.25000000000003,2616
1,481,158.8333333333334,2616
1,482,151.0833333333334,2616
1,483,150.4722222222222,2628
1,484,161.9166666666667,2634
1,485,152.24999999999997,2646
1,486,149.47222222222229,2646
1,487,139.38888888888889,2646
1,488,156.77777777777783,2652
1,489,141.52777777777774,2658
1,490,144.72222222222226,2700
1,491,154.6666666666667,2700
1,492,134.0,2700
1,493,149.25,2700
1,494,150.94444444444449,2706
1,495,154.80555555555554,2730
1,496,142.77777777777783,2730
1,497,155.05555555555557,2754
1,498,125.83333333333339,2754
1,499,143.63888888888894,2784
1,500,142.13888888888889,2784
1,501,141.00000000000009,2784
1,502,127.16666666666669,2784
1,503,146.30555555555557,2832
1,504,154.44444444444449,2832
1,505,133.97222222222229,2832
1,506,147.52777777777777,2832
1,507,131.66666666666677,2832
1,508,133.36111111111111,2844
1,509,146.61111111111111,2844
1,510,137.77777777777783,2844
1,511,136.27777777777786,2844
1,512,153.5833333333334,2844
1,513,136.47222222222226,2874
1,514,145.75,2874
1,515,141.27777777777774,2874
1,516,156.55555555555554,2874
1,517,135.58333333333334,2874
1,518,125.66666666666667,2874
1,519,147.30555555555557,2880
1,520,155.38888888888894,2886
1,521,142.55555555555557,2886
1,522,149.75,2886
1,523,158.6666666666667,2892
1,524,149.94444444444443,2892
1,525,159.11111111111111,2892
1,526,169.05555555555557,2892
1,527,138.72222222222223,2898
1,528,139.1666666666668,2904
1,529,135.41666666666669,2904
1,530,152.4166666666667,2934
1,531,149.22222222222229,2946
1,532,142.97222222222226,2946
1,533,169.52777777777783,2946
1,534,166.02777777777783,2946
1,535,157.61111111111111,2952
1,536,151.08333333333337,2952
1,537,153.49999999999994,2952
1,538,157.91666666666666,2952
1,539,141.9722222222223,2970
1,540,164.83333333333337,2982
1,541,138.3611111111111,2982
1,542,158.3055555555556,2982
1,543,149.63888888888886,2982
1,544,149.75,2988
1,545,159.72222222222226,2988
1,546,150.36111111111111,3012
1,547,144.33333333333331,3018
1,548,230.69444444444449,3024
1,549,223.0555555555556,3030
1,550,218.55555555555569,3030
1,551,210.55555555555569,3036
1,552,213.05555555555557,3048
1,553,226.83333333333346,3048
1,554,212.44444444444457,3048
1,555,225.74999999999994,3048
1,556,222.77777777777789,3048
1,557,224.1388888888889,3054
1,558,224.02777777777786,3060
1,559,215.36111111111114,3060
1,560,205.86111111111111,3060
1,561,213.7777777777778,3066
1,562,225.47222222222234,3078
1,563,232.75000000000014,3096
1,564,224.33333333333343,3096
1,565,192.2222222222222,3102
1,566,219.25000000000006,3108
1,567,222.22222222222234,3114
1,568,210.5555555555556,3120
1,569,219.19444444444454,3120
1,570,218.61111111111117,3126
1,571,215.52777777777771,3126
1,572,212.83333333333343,3132
1,573,225.11111111111117,3132
1,574,210.94444444444449,3132
1,575,227.97222222222229,3132
1,576,219.5,3162
1,577,214.08333333333343,3180
1,578,222.36111111111117,3180
1,579,208.88888888888886,3186
1,580,224.22222222222226,3186
1,581,211.58333333333343,3186
1,582,223.69444444444454,3192
1,583,210.0,3198
1,584,218.55555555555557,3198
1,585,223.8611111111112,3216
1,586,215.11111111111117,3216
1,587,220.2222222222222,3216
1,588,217.36111111111111,3216
1,589,212.86111111111123,3222
1,590,228.41666666666669,3228
1,591,232.80555555555563,3234
1,592,201.0555555555556,3234
1,593,232.69444444444449,3234
1,594,233.27777777777783,3294
1,595,222.97222222222226,3312
1,596,223.36111111111106,3312
1,597,227.88888888888894,3312
1,598,216.52777777777786,3312
1,599,228.72222222222223,3360
1,600,219.36111111111114,3360
1,601,205.8888888888889,3360
1,602,213.9444444444446,3360
1,603,211.19444444444457,3360
1,604,222.72222222222226,3384
1,605,226.7777777777779,3390
1,606,219.72222222222223,3396
1,607,214.1111111111111,3414
1,608,225.19444444444449,3438
1,609,223.52777777777783,3456
1,610,211.80555555555563,3468
1,611,218.58333333333334,3468
1,612,217.4444444444445,3468
1,613,197.9722222222223,3468
1,614,225.66666666666669,3468
1,615,220.63888888888889,3510
1,616,222.6111111111112,3522
1,617,227.4444444444446,3528
1,618,213.55555555555563,3534
1,619,217.22222222222226,3534
1,620,204.97222222222226,3534
1,621,204.75000000000017,3546
1,622,216.22222222222223,3546
1,623,225.55555555555554,3546
1,624,207.30555555555551,3546
1,625,236.2777777777779,3552
1,626,232.19444444444446,3558
1,627,248.50000000000003,3564
1,628,235.05555555555563,3582
1,629,223.05555555555563,3600
1,630,228.7777777777778,3618
1,631,218.61111111111114,3618
1,632,222.27777777777777,3618
1,633,222.91666666666674,3618
1,634,217.36111111111111,3618
1,635,231.36111111111123,3618
1,636,231.13888888888894,3618
1,637,217.77777777777786,3624
1,638,224.05555555555554,3624
1,639,227.44444444444449,3624
1,640,220.63888888888897,3636
1,641,235.1666666666667,3636
1,642,240.61111111111111,3636
1,643,241.0000000000001,3636
1,644,211.138888888889,3636
1,645,200.11111111111111,3636
1,646,214.1666666666666,3636
1,647,227.24999999999997,3636
1,648,225.47222222222223,3642
1,649,221.47222222222237,3666
1,650,190.44444444444449,3666
1,651,218.83333333333343,3678
1,652,220.25000000000003,3684
1,653,230.80555555555563,3684
1,654,246.91666666666669,3690
1,655,218.74999999999994,3696
1,656,216.2222222222223,3696
1,657,211.30555555555557,3696
1,658,235.86111111111114,3708
1,659,235.33333333333337,3708
1,660,227.86111111111114,3708
1,661,214.0833333333334,3714
1,662,219.1666666666667,3744
1,663,226.97222222222226,3744
1,664,220.6944444444445,3744
1,665,227.63888888888889,3756
1,666,230.36111111111111,3756
1,667,236.19444444444446,3756
1,668,223.5000000000001,3780
1,669,207.00000000000006,3804
1,670,223.66666666666669,3804
1,671,229.6388888888889,3810
1,672,212.22222222222214,3828
1,673,219.05555555555557,3828
1,674,222.3888888888889,3828
1,675,217.24999999999997,3834
1,676,197.80555555555554,3834
1,677,235.97222222222229,3840
1,678,232.52777777777783,3840
1,679,209.8333333333334,3840
1,680,237.83333333333331,3840
1,681,214.47222222222229,3840
1,682,226.11111111111117,3840
1,683,229.61111111111117,3852
1,684,207.0833333333334,3852
1,685,212.6944444444446,3852
1,686,207.63888888888897,3864
1,687,222.27777777777789,3870
1,688,220.58333333333337,3870
1,689,207.0833333333334,3870
1,690,214.3888888888889,3876
1,691,231.75000000000006,3876
1,692,218.1944444444445,3888
1,693,214.30555555555563,3888
1,694,221.8333333333334,3888
1,695,231.11111111111114,3888
1,696,225.63888888888897,3888
1,697,243.52777777777794,3894
1,698,236.3055555555556,3894
1,699,226.41666666666677,3906
1,700,237.9444444444446,3912
1,701,223.63888888888897,3918
1,702,217.3055555555556,3918
1,703,225.0555555555557,3918
1,704,210.47222222222226,3918
1,705,206.16666666666666,3918
1,706,210.30555555555551,3924
1,707,223.91666666666666,3924
1,708,225.13888888888894,3924
1,709,213.41666666666666,3924
1,710,220.41666666666669,4020
1,711,216.33333333333331,4068
1,712,211.38888888888897,4068
1,713,246.88888888888889,4068
1,714,231.47222222222234,4080
1,715,222.16666666666677,4086
1,716,217.13888888888894,4098
1,717,234.25000000000014,4098
1,718,199.38888888888897,4104
1,719,226.00000000000003,4110
1,720,215.5,4110
1,721,208.1388888888889,4128
1,722,204.66666666666674,4164
1,723,226.388888888889,4164
1,724,211.11111111111114,4170
1,725,195.5833333333333,4182
1,726,217.11111111111114,4182
1,727,231.33333333333343,4188
1,728,220.83333333333348,4188
1,729,223.66666666666677,4188
1,730,238.5555555555556,4188
1,731,222.11111111111114,4188
1,732,223.4444444444445,4188
1,733,225.77777777777783,4206
1,734,229.69444444444454,4218
1,735,240.30555555555563,4224
1,736,214.25,4236
1,737,223.0555555555557,4236
1,738,237.97222222222217,4242
1,739,200.02777777777777,4242
1,740,214.08333333333331,4242
1,741,204.75000000000009,4242
1,742,214.2777777777778,4242
1,743,220.91666666666674,4242
1,744,222.9166666666666,4242
1,745,229.9722222222222,4260
1,746,211.5833333333334,4260
1,747,227.05555555555563,4260
1,748,207.97222222222223,4266
1,749,225.50000000000003,4266
1,750,234.36111111111134,4272
1,751,222.19444444444457,4278
1,752,229.27777777777794,4278
1,753,239.5833333333334,4308
1,754,236.80555555555551,4314
1,755,234.77777777777786,4320
1,756,230.08333333333348,4332
1,757,204.69444444444454,4332
1,758,231.94444444444443,4332
1,759,241.9722222222223,4332
1,760,219.55555555555557,4332
1,761,225.30555555555546,4332
1,762,228.69444444444446,4338
1,763,229.69444444444446,4338
1,764,227.1388888888889,4344
1,765,215.19444444444454,4344
1,766,238.61111111111111,4344
1,767,209.00000000000006,4344
1,768,204.41666666666674,4356
1,769,223.63888888888889,4356
1,770,239.2222222222224,4362
1,771,197.00000000000006,4362
1,772,228.41666666666669,4362
1,773,213.80555555555546,4362
1,774,202.33333333333331,4380
1,775,221.3055555555556,4380
1,776,238.7777777777779,4386
1,777,221.2500000000001,4386
1,778,220.5555555555556,4392
1,779,235.50000000000009,4392
1,780,215.47222222222234,4392
1,781,216.19444444444443,4398
1,782,225.80555555555563,4428
1,783,226.86111111111117,4428
1,784,222.61111111111114,4446
1,785,227.66666666666674,4464
1,786,208.52777777777786,4464
1,787,213.27777777777783,4470
1,788,216.33333333333334,4476
1,789,202.02777777777783,4536
1,790,233.02777777777794,4590
1,791,233.36111111111111,4608
1,792,222.8333333333334,4620
1,793,231.30555555555566,4626
1,794,231.6666666666667,4626
1,795,222.91666666666666,4626
1,796,230.888888888889,4632
1,797,239.5277777777779,4632
1,798,215.97222222222223,4632
1,799,223.63888888888897,4632
1,800,211.4722222222222,4632
1,801,215.97222222222229,4632
1,802,230.66666666666666,4632
1,803,236.58333333333348,4656
1,804,226.88888888888903,4674
1,805,224.8888888888889,4674
1,806,233.1388888888889,4680
1,807,226.44444444444443,4698
1,808,231.22222222222223,4698
1,809,225.5555555555556,4698
1,810,211.97222222222217,4698
1,811,223.1111111111111,4710
1,812,209.80555555555563,4710
1,813,226.0277777777778,4734
1,814,233.47222222222229,4752
1,815,216.138888888889,4752
1,816,221.22222222222226,4752
1,817,225.83333333333348,4758
1,818,211.25000000000006,4794
1,819,234.55555555555563,4794
1,820,219.30555555555566,4794
1,821,209.91666666666674,4794
1,822,226.83333333333337,4800
1,823,228.9444444444445,4812
1,824,215.0555555555556,4836
1,825,225.63888888888897,4848
1,826,224.3611111111112,4848
1,827,219.61111111111111,4848
1,828,209.0555555555556,4866
1,829,218.52777777777783,4866
1,830,241.33333333333331,4872
1,831,216.6666666666669,4872
1,832,242.41666666666674,4872
1,833,213.05555555555566,4872
1,834,224.86111111111117,4884
1,835,230.30555555555554,4884
1,836,216.97222222222229,4896
1,837,207.91666666666683,4914
1,838,224.99999999999994,4920
1,839,222.9166666666667,4920
1,840,233.63888888888897,4920
1,841,215.94444444444449,4932
1,842,230.05555555555557,4932
1,843,202.22222222222223,4938
1,844,229.88888888888903,4938
1,845,217.72222222222229,4944
1,846,229.3333333333334,4944
1,847,222.5,4950
1,848,213.3055555555557,4956
1,849,228.58333333333337,4956
1,850,234.3055555555556,4962
1,851,215.3888888888889,4962
1,852,225.69444444444443,4962
1,853,236.41666666666666,4962
1,854,226.08333333333337,4962
1,855,218.7500000000001,4962
1,856,230.63888888888889,4962
1,857,213.25000000000017,4974
1,858,220.99999999999994,4974
1,859,241.9444444444445,4974
1,860,230.86111111111106,4980
1,861,230.91666666666669,4998
1,862,229.61111111111126,5010
1,863,244.94444444444434,5016
1,864,221.30555555555551,5022
1,865,213.16666666666674,5028
1,866,236.5277777777777,5040
1,867,211.8611111111112,5040
1,868,231.4722222222223,5040
1,869,215.80555555555557,5040
1,870,220.8888888888889,5046
1,871,225.77777777777786,5046
1,872,216.63888888888889,5046
1,873,213.69444444444443,5046
1,874,237.22222222222226,5052
1,875,220.00000000000003,5052
1,876,227.9166666666666,5100
1,877,221.77777777777786,5124
1,878,217.52777777777783,5142
1,879,205.1944444444444,5142
1,880,222.97222222222226,5148
1,881,233.19444444444454,5154
1,882,224.5555555555556,5154
1,883,219.38888888888889,5154
1,884,227.11111111111114,5154
1,885,219.72222222222223,5154
1,886,217.3611111111111,5154
1,887,234.88888888888897,5160
1,888,221.97222222222223,5160
1,889,213.9722222222222,5160
1,890,222.30555555555566,5166
1,891,218.5833333333335,5166
1,892,233.22222222222237,5184
1,893,209.69444444444457,5184
1,894,227.52777777777783,5184
1,895,237.08333333333343,5190
1,896,236.6666666666667,5190
1,897,231.38888888888894,5190
1,898,231.69444444444449,5190
1,899,210.3888888888889,5202
1,900,230.4166666666667,5208
1,901,225.16666666666657,5208
1,902,208.8333333333334,5208
1,903,231.94444444444446,5214
1,904,241.5000000000002,5226
1,905,220.2222222222223,5226
1,906,245.9166666666667,5232
1,907,217.11111111111111,5232
1,908,244.38888888888903,5244
1,909,218.25000000000006,5250
1,910,203.30555555555551,5250
1,911,209.8888888888889,5292
1,912,230.88888888888889,5328
1,913,216.1111111111112,5328
1,914,221.25000000000003,5346
1,915,230.2777777777779,5358
1,916,194.50000000000003,5370
1,917,225.55555555555569,5370
1,918,207.30555555555569,5370
1,919,223.7500000000001,5382
1,920,202.75000000000003,5382
1,921,213.47222222222234,5382
1,922,222.44444444444449,5394
1,923,226.55555555555569,5394
1,924,222.55555555555569,5394
1,925,215.41666666666674,5394
1,926,223.72222222222226,5400
1,927,232.36111111111128,5412
1,928,209.00000000000009,5424
1,929,221.80555555555551,5436
1,930,217.0833333333334,5436
1,931,221.41666666666669,5436
1,932,207.13888888888889,5436
1,933,203.8888888888888,5442
1,934,223.27777777777774,5442
1,935,222.05555555555566,5472
1,936,221.11111111111117,5478
1,937,221.1944444444445,5478
1,938,226.80555555555563,5478
1,939,210.08333333333346,5490
1,940,227.25000000000003,5490
1,941,233.61111111111123,5490
1,942,241.1666666666667,5496
1,943,242.8333333333334,5502
1,944,209.30555555555557,5514
1,945,211.22222222222223,5514
1,946,230.30555555555566,5520
1,947,235.55555555555551,5544
1,948,215.94444444444446,5544
1,949,225.99999999999994,5544
1,950,237.50000000000006,5550
1,951,223.6388888888889,5550
1,952,224.13888888888897,5550
1,953,212.4444444444445,5586
1,954,224.13888888888894,5616
1,955,231.1666666666667,5622
1,956,207.44444444444449,5622
1,957,249.00000000000009,5622
1,958,210.1944444444446,5628
1,959,219.47222222222229,5628
1,960,232.25000000000003,5628
1,961,213.27777777777789,5628
1,962,222.9166666666667,5640
1,963,213.19444444444449,5670
1,964,217.2222222222223,5682
1,965,242.13888888888886,5694
1,966,215.75000000000009,5706
1,967,235.77777777777786,5706
1,968,231.41666666666677,5712
1,969,223.38888888888897,5712
1,970,226.3333333333334,5724
1,971,222.88888888888883,5724
1,972,218.1666666666668,5724
1,973,217.08333333333337,5724
1,974,228.2500000000001,5724
1,975,231.38888888888886,5724
1,976,209.50000000000006,5736
1,977,235.77777777777783,5748
1,978,228.19444444444449,5748
1,979,226.88888888888897,5748
1,980,215.91666666666663,5748
1,981,239.66666666666669,5748
1,982,221.50000000000003,5748
1,983,211.58333333333337,5748
1,984,224.02777777777783,5754
1,985,223.88888888888886,5754
1,986,220.8055555555556,5760
1,987,212.94444444444457,5760
1,988,236.0277777777778,5766
1,989,229.72222222222229,5772
1,990,224.7777777777778,5778
1,991,229.55555555555566,5778
1,992,233.27777777777786,5778
1,993,219.63888888888894,5784
1,994,235.0555555555555,5790
1,995,226.75000000000009,5796
1,996,197.02777777777786,5796
1,997,217.5,5802
1,998,226.22222222222226,5802
1,999,239.638888888889,5832
1,1000,216.75000000000014,5832
2,1,34.52777777777779,0
2,2,35.94444444444445,0
2,3,34.5,0
2,4,37.13888888888889,0
2,5,38.30555555555557,0
2,6,39.22222222222222,0
2,7,31.722222222222236,0
2,8,36.08333333333333,0
2,9,34.97222222222223,0
2,10,35.72222222222222,18
2,11,34.77777777777778,18
2,12,33.138888888888886,18
2,13,40.69444444444445,42
2,14,35.02777777777777,42
2,15,40.25,42
2,16,34.722222222222214,42
2,17,38.33333333333336,42
2,18,43.22222222222222,42
2,19,37.05555555555556,42
2,20,38.833333333333314,54
2,21,38.0,54
2,22,38.61111111111112,54
2,23,42.472222222222214,60
2,24,42.36111111111112,60
2,25,42.55555555555556,60
2,26,39.58333333333336,72
2,27,41.13888888888891,84
2,28,35.63888888888889,114
2,29,43.499999999999986,114
2,30,41.33333333333333,114
2,31,46.30555555555555,114
2,32,51.80555555555559,132
2,33,42.72222222222219,138
2,34,94.16666666666664,138
2,35,114.5277777777778,138
2,36,119.44444444444446,138
2,37,99.02777777777779,144
2,38,102.66666666666674,144
2,39,87.05555555555559,150
2,40,101.6944444444445,150
2,41,95.86111111111114,150
2,42,98.72222222222224,162
2,43,97.22222222222229,162
2,44,108.72222222222226,162
2,45,42.16666666666668,186
2,46,43.83333333333334,186
2,47,46.638888888888914,204
2,48,36.33333333333333,204
2,49,42.694444444444414,216
2,50,43.30555555555557,216
2,51,47.444444444444464,216
2,52,42.36111111111112,216
2,53,44.16666666666668,216
2,54,46.02777777777777,216
2,55,50.47222222222224,228
2,56,40.250000000000014,228
2,57,45.305555555555564,228
2,58,53.0,228
2,59,52.111111111111114,234
2,60,61.52777777777779,234
2,61,55.805555555555586,234
2,62,61.944444444444485,234
2,63,59.6111111111111,240
2,64,59.416666666666664,252
2,65,57.444444444444464,300
2,66,106.33333333333334,348
2,67,114.16666666666671,348
2,68,108.25000000000003,348
2,69,99.86111111111113,354
2,70,124.4722222222223,354
2,71,118.16666666666671,372
2,72,111.05555555555554,372
2,73,110.36111111111111,372
2,74,101.83333333333337,372
2,75,112.38888888888893,372
2,76,114.02777777777776,372
2,77,107.02777777777779,372
2,78,103.61111111111116,372
2,79,119.36111111111117,390
2,80,113.6666666666667,402
2,81,105.4166666666667,408
2,82,117.16666666666667,414
2,83,105.44444444444447,432
2,84,111.6944444444445,432
2,85,106.11111111111114,438
2,86,127.0555555555556,438
2,87,120.19444444444451,462
2,88,118.30555555555557,468
2,89,124.1666666666667,468
2,90,114.61111111111113,468
2,91,122.77777777777777,468
2,92,113.1666666666667,474
2,93,122.25000000000009,474
2,94,136.4166666666667,474
2,95,107.3055555555556,474
2,96,107.8055555555556,486
2,97,111.36111111111111,486
2,98,94.08333333333334,486
2,99,134.08333333333337,486
2,100,126.00000000000007,486
2,101,131.41666666666666,510
2,102,132.49999999999997,522
2,103,136.6666666666667,522
2,104,126.11111111111117,522
2,105,132.19444444444443,528
2,106,150.88888888888889,528
2,107,117.44444444444449,528
2,108,132.08333333333334,528
2,109,123.8333333333333,528
2,110,140.55555555555557,528
2,111,120.86111111111116,552
2,112,142.88888888888897,558
2,113,131.27777777777783,564
2,114,143.80555555555563,564
2,115,120.58333333333336,570
2,116,139.80555555555563,576
2,117,137.33333333333334,576
2,118,135.19444444444449,576
2,119,134.61111111111117,582
2,120,127.41666666666667,582
2,121,126.6944444444445,582
2,122,129.52777777777789,594
2,123,137.6944444444445,618
2,124,118.77777777777789,624
2,125,130.5277777777778,630
2,126,126.13888888888894,630
2,127,120.55555555555559,630
2,128,144.36111111111117,636
2,129,110.05555555555554,654
2,130,126.88888888888891,654
2,131,150.6388888888889,660
2,132,108.05555555555554,666
2,133,150.63888888888894,672
2,134,121.55555555555557,678
2,135,143.00000000000003,690
2,136,124.47222222222219,690
2,137,140.02777777777783,690
2,138,145.58333333333337,690
2,139,123.38888888888896,690
2,140,125.5,690
2,141,146.77777777777783,696
2,142,108.72222222222223,702
2,143,121.83333333333339,708
2,144,123.88888888888893,708
2,145,125.9166666666667,708
2,146,125.38888888888894,708
2,147,124.30555555555554,708
2,148,126.6111111111112,708
2,149,135.69444444444449,714
2,150,134.5277777777778,714
2,151,149.30555555555563,714
2,152,148.08333333333337,714
2,153,137.2777777777779,714
2,154,146.30555555555557,714
2,155,130.83333333333334,714
2,156,152.52777777777774,714
2,157,139.2777777777778,714
2,158,126.61111111111113,714
2,159,122.91666666666676,714
2,160,126.58333333333337,714
2,161,136.1944444444445,714
2,162,121.6666666666667,714
2,163,118.27777777777783,714
2,164,130.97222222222223,714
2,165,125.74999999999999,714
2,166,120.50000000000007,714
2,167,137.41666666666669,714
2,168,120.25000000000006,714
2,169,129.8888888888889,714
2,170,143.88888888888894,714
2,171,157.7222222222222,714
2,172,134.69444444444449,714
2,173,120.16666666666671,714
2,174,134.97222222222223,714
2,175,135.9444444444445,714
2,176,133.9166666666666,714
2,177,127.49999999999999,714
2,178,136.0277777777778,714
2,179,112.83333333333334,714
2,180,128.6666666666667,744
2,181,139.88888888888894,744
2,182,133.16666666666666,744
2,183,123.13888888888889,774
2,184,142.9444444444445,810
2,185,137.3888888888889,828
2,186,112.44444444444449,840
2,187,133.6388888888889,840
2,188,150.66666666666663,846
2,189,125.88888888888894,894
2,190,113.61111111111111,894
2,191,128.61111111111117,894
2,192,141.08333333333334,918
2,193,117.47222222222226,918
2,194,128.1944444444445,918
2,195,125.33333333333339,924
2,196,153.9444444444445,924
2,197,118.75000000000001,924
2,198,139.61111111111123,924
2,199,142.00000000000006,942
2,200,143.69444444444446,948
2,201,144.6666666666667,948
2,202,140.3888888888889,960
2,203,140.11111111111117,960
2,204,138.83333333333334,960
2,205,142.47222222222223,960
2,206,130.0833333333334,960
2,207,127.86111111111113,996
2,208,130.4444444444445,1014
2,209,123.33333333333337,1032
2,210,136.8888888888889,1032
2,211,141.30555555555557,1032
2,212,123.16666666666671,1032
2,213,147.72222222222223,1038
2,214,128.41666666666666,1038
2,215,150.80555555555563,1038
2,216,140.02777777777789,1056
2,217,145.52777777777777,1056
2,218,142.38888888888894,1056
2,219,125.22222222222217,1056
2,220,140.80555555555554,1062
2,221,123.27777777777781,1062
2,222,134.75000000000006,1062
2,223,127.50000000000003,1062
2,224,115.83333333333336,1062
2,225,142.05555555555563,1080
2,226,132.30555555555557,1092
2,227,142.5833333333334,1092
2,228,138.66666666666674,1092
2,229,137.77777777777774,1092
2,230,137.72222222222226,1098
2,231,121.11111111111116,1104
2,232,143.08333333333337,1104
2,233,145.08333333333343,1104
2,234,156.05555555555557,1104
2,235,136.0555555555556,1104
2,236,132.138888888889,1116
2,237,139.80555555555566,1158
2,238,144.75000000000006,1170
2,239,126.0,1188
2,240,138.4166666666668,1194
2,241,139.94444444444446,1194
2,242,149.94444444444449,1194
2,243,146.77777777777777,1194
2,244,150.08333333333337,1194
2,245,152.08333333333334,1194
2,246,128.3055555555556,1194
2,247,147.02777777777786,1194
2,248,141.4166666666667,1194
2,249,132.30555555555554,1212
2,250,151.08333333333337,1236
2,251,151.13888888888897,1236
2,252,133.13888888888894,1236
2,253,137.69444444444446,1242
2,254,158.22222222222229,1242
2,255,124.22222222222226,1242
2,256,133.44444444444449,1242
2,257,136.9166666666667,1242
2,258,137.80555555555563,1302
2,259,136.11111111111114,1386
2,260,132.38888888888894,1392
2,261,130.55555555555554,1392
2,262,151.3055555555556,1392
2,263,132.55555555555557,1392
2,264,125.08333333333334,1392
2,265,140.33333333333331,1392
2,266,130.86111111111117,1392
2,267,132.33333333333334,1392
2,268,135.41666666666666,1392
2,269,120.13888888888893,1392
2,270,142.52777777777774,1392
2,271,122.80555555555557,1422
2,272,145.44444444444443,1446
2,273,148.6388888888889,1446
2,274,134.25000000000006,1446
2,275,138.38888888888894,1476
2,276,135.6388888888889,1500
2,277,155.61111111111117,1500
2,278,128.22222222222226,1500
2,279,129.02777777777774,1506
2,280,136.38888888888889,1512
2,281,131.27777777777783,1512
2,282,152.69444444444449,1518
2,283,138.30555555555551,1518
2,284,144.91666666666666,1518
2,285,120.86111111111116,1524
2,286,136.6388888888889,1530
2,287,148.02777777777786,1530
2,288,115.94444444444444,1536
2,289,149.6388888888889,1572
2,290,140.27777777777777,1572
2,291,141.69444444444437,1572
2,292,136.27777777777783,1572
2,293,146.30555555555554,1578
2,294,143.44444444444446,1578
2,295,150.75000000000009,1584
2,296,146.16666666666666,1584
2,297,145.16666666666669,1596
2,298,124.27777777777779,1596
2,299,129.6388888888889,1602
2,300,162.1111111111112,1608
2,301,131.9444444444445,1608
2,302,151.69444444444446,1614
2,303,142.38888888888894,1614
2,304,137.13888888888897,1626
2,305,127.55555555555556,1626
2,306,120.69444444444449,1626
2,307,129.1666666666666,1668
2,308,151.61111111111111,1674
2,309,132.63888888888886,1680
2,310,124.72222222222224,1680
2,311,114.75000000000007,1680
2,312,132.91666666666669,1680
2,313,132.72222222222226,1680
2,314,136.69444444444454,1680
2,315,148.8888888888889,1680
2,316,117.72222222222223,1704
2,317,131.6944444444445,1710
2,318,144.74999999999997,1710
2,319,146.0,1716
2,320,146.83333333333331,1716
2,321,140.0555555555556,1716
2,322,129.05555555555557,1728
2,323,129.63888888888897,1728
2,324,161.77777777777777,1728
2,325,130.33333333333334,1728
2,326,130.13888888888894,1728
2,327,127.8611111111111,1728
2,328,126.80555555555556,1728
2,329,129.97222222222223,1728
2,330,128.41666666666666,1728
2,331,142.44444444444443,1728
2,332,140.13888888888894,1734
2,333,134.22222222222226,1734
2,334,141.72222222222229,1740
2,335,132.69444444444437,1752
2,336,148.49999999999997,1770
2,337,133.30555555555554,1776
2,338,140.3888888888889,1788
2,339,158.16666666666669,1800
2,340,134.55555555555554,1806
2,341,148.22222222222226,1806
2,342,132.47222222222223,1806
2,343,133.94444444444449,1806
2,344,151.5555555555556,1842
2,345,125.8055555555556,1872
2,346,134.63888888888894,1872
2,347,125.22222222222224,1872
2,348,140.22222222222226,1872
2,349,126.86111111111116,1872
2,350,144.5555555555556,1872
2,351,143.58333333333331,1872
2,352,147.27777777777783,1872
2,353,162.24999999999997,1872
2,354,127.6944444444445,1872
2,355,120.9722222222222,1872
2,356,126.91666666666669,1872
2,357,146.2777777777778,1902
2,358,130.33333333333343,1908
2,359,145.19444444444446,1908
2,360,133.19444444444454,1920
2,361,126.38888888888893,1932
2,362,133.13888888888894,1938
2,363,134.00000000000006,1938
2,364,136.72222222222226,1944
2,365,126.97222222222223,1974
2,366,129.72222222222223,1992
2,367,121.00000000000004,1992
2,368,140.30555555555557,1992
2,369,134.7777777777778,2004
2,370,150.08333333333331,2004
2,371,131.27777777777777,2010
2,372,131.77777777777786,2010
2,373,138.02777777777786,2028
2,374,127.44444444444451,2028
2,375,134.41666666666674,2046
2,376,134.25000000000006,2046
2,377,121.97222222222224,2046
2,378,133.25,2046
2,379,133.44444444444446,2046
2,380,147.2777777777778,2046
2,381,148.88888888888889,2046
2,382,118.25000000000006,2046
2,383,150.6666666666666,2046
2,384,114.25000000000006,2046
2,385,131.97222222222223,2046
2,386,139.44444444444446,2058
2,387,114.7777777777778,2064
2,388,126.97222222222221,2070
2,389,133.86111111111111,2076
2,390,157.61111111111117,2136
2,391,118.83333333333333,2136
2,392,142.4166666666667,2136
2,393,136.58333333333334,2136
2,394,115.63888888888887,2136
2,395,125.97222222222226,2136
2,396,136.02777777777786,2136
2,397,146.25,2136
2,398,132.19444444444446,2136
2,399,147.77777777777783,2136
2,400,145.36111111111114,2136
2,401,135.3055555555556,2136
2,402,129.30555555555557,2136
2,403,126.63888888888894,2136
2,404,136.3611111111112,2136
2,405,147.13888888888889,2136
2,406,138.5,2136
2,407,119.30555555555557,2136
2,408,143.25,2154
2,409,120.02777777777779,2202
2,410,130.55555555555551,2202
2,411,147.94444444444443,2202
2,412,135.22222222222223,2202
2,413,124.36111111111111,2202
2,414,136.05555555555557,2202
2,415,144.69444444444457,2202
2,416,137.63888888888889,2202
2,417,134.69444444444443,2202
2,418,117.3888888888889,2208
2,419,140.02777777777783,2208
2,420,141.16666666666669,2214
2,421,143.44444444444446,2214
2,422,144.08333333333334,2214
2,423,132.0,2214
2,424,137.99999999999997,2214
2,425,120.58333333333333,2214
2,426,133.1111111111112,2214
2,427,150.6944444444444,2214
2,428,132.5,2214
2,429,133.8888888888889,2214
2,430,144.44444444444449,2214
2,431,140.41666666666669,2214
2,432,140.9722222222223,2214
2,433,129.41666666666663,2214
2,434,131.0833333333334,2214
2,435,138.25000000000003,2214
2,436,137.08333333333331,2214
2,437,135.33333333333334,2214
2,438,133.50000000000003,2232
2,439,143.58333333333343,2232
2,440,137.99999999999997,2232
2,441,132.49999999999997,2232
2,442,144.75000000000003,2232
2,443,132.11111111111114,2232
2,444,127.72222222222223,2232
2,445,141.7222222222223,2250
2,446,127.41666666666666,2256
2,447,137.05555555555554,2256
2,448,136.69444444444449,2256
2,449,142.55555555555557,2256
2,450,117.75000000000003,2256
2,451,140.86111111111114,2268
2,452,141.8333333333334,2268
2,453,144.63888888888894,2280
2,454,131.27777777777783,2280
2,455,152.83333333333334,2280
2,456,168.91666666666666,2280
2,457,154.86111111111114,2292
2,458,147.36111111111111,2292
2,459,134.52777777777786,2298
2,460,130.33333333333337,2298
2,461,134.22222222222226,2298
2,462,132.61111111111111,2304
2,463,138.66666666666666,2310
2,464,131.16666666666669,2310
2,465,150.66666666666666,2316
2,466,145.2777777777778,2316
2,467,134.47222222222229,2322
2,468,150.5833333333334,2322
2,469,153.30555555555554,2334
2,470,150.6111111111112,2334
2,471,137.41666666666669,2334
2,472,135.36111111111106,2340
2,473,139.41666666666669,2340
2,474,137.86111111111111,2340
2,475,147.50000000000003,2340
2,476,145.8055555555556,2340
2,477,148.80555555555554,2340
2,478,135.69444444444446,2340
2,479,131.16666666666666,2340
2,480,133.97222222222217,2340
2,481,151.33333333333334,2340
2,482,138.13888888888886,2340
2,483,135.3888888888889,2340
2,484,134.52777777777783,2340
2,485,141.94444444444446,2340
2,486,148.94444444444449,2340
2,487,144.11111111111117,2346
2,488,140.5,2346
2,489,157.86111111111106,2346
2,490,151.24999999999997,2346
2,491,128.02777777777783,2346
2,492,141.52777777777777,2346
2,493,148.5555555555556,2346
2,494,142.8888888888889,2346
2,495,160.8333333333334,2352
2,496,147.58333333333331,2358
2,497,151.97222222222226,2358
2,498,132.27777777777771,2358
2,499,159.11111111111114,2358
2,500,160.30555555555557,2358
2,501,146.80555555555554,2358
2,502,136.83333333333334,2358
2,503,172.30555555555566,2364
2,504,152.8611111111111,2376
2,505,162.44444444444446,2376
2,506,136.55555555555563,2376
2,507,161.1944444444444,2376
2,508,149.83333333333331,2376
2,509,141.47222222222226,2376
2,510,161.1944444444445,2394
2,511,149.8333333333334,2394
2,512,168.9722222222222,2400
2,513,146.38888888888889,2400
2,514,148.3611111111111,2400
2,515,140.38888888888889,2412
2,516,165.86111111111106,2412
2,517,158.77777777777777,2418
2,518,159.38888888888889,2442
2,519,146.86111111111114,2454
2,520,157.08333333333337,2454
2,521,135.66666666666669,2454
2,522,140.97222222222226,2454
2,523,153.47222222222226,2454
2,524,162.05555555555554,2454
2,525,150.61111111111114,2454
2,526,149.0833333333334,2454
2,527,143.58333333333337,2454
2,528,165.88888888888889,2472
2,529,160.22222222222229,2472
2,530,149.36111111111111,2484
2,531,136.13888888888897,2484
2,532,146.00000000000003,2484
2,533,145.97222222222223,2526
2,534,157.08333333333331,2526
2,535,141.47222222222226,2526
2,536,145.27777777777783,2526
2,537,153.50000000000006,2532
2,538,159.94444444444449,2532
2,539,152.1666666666667,2532
2,540,163.7777777777778,2532
2,541,170.86111111111117,2532
2,542,140.52777777777783,2532
2,543,151.8055555555556,2532
2,544,144.8055555555556,2538
2,545,139.97222222222223,2562
2,546,147.05555555555566,2574
2,547,164.6111111111111,2574
2,548,145.25000000000003,2580
2,549,154.24999999999997,2580
2,550,183.83333333333331,2586
2,551,161.58333333333334,2586
2,552,128.86111111111111,2586
2,553,149.7777777777778,2586
2,554,145.36111111111117,2586
2,555,174.52777777777777,2586
2,556,177.1111111111112,2604
2,557,157.38888888888886,2610
2,558,154.5833333333334,2610
2,559,155.9722222222222,2616
2,560,172.8611111111111,2622
2,561,160.83333333333334,2628
2,562,176.13888888888897,2628
2,563,143.2222222222222,2628
2,564,162.08333333333343,2628
2,565,158.16666666666674,2628
2,566,165.11111111111117,2628
2,567,159.08333333333334,2634
2,568,145.8888888888889,2634
2,569,161.66666666666669,2634
2,570,162.5833333333334,2634
2,571,150.3055555555556,2634
2,572,172.58333333333346,2634
2,573,138.52777777777771,2646
2,574,177.16666666666674,2646
2,575,158.22222222222229,2658
2,576,148.52777777777777,2664
2,577,156.30555555555557,2664
2,578,152.05555555555551,2670
2,579,159.44444444444446,2670
2,580,149.80555555555557,2670
2,581,155.5277777777778,2670
2,582,156.13888888888894,2670
2,583,151.13888888888886,2670
2,584,169.44444444444443,2682
2,585,145.47222222222217,2682
2,586,142.9444444444444,2682
2,587,154.94444444444446,2682
2,588,154.88888888888894,2682
2,589,163.4722222222222,2682
2,590,169.66666666666663,2682
2,591,156.41666666666674,2682
2,592,161.44444444444446,2694
2,593,160.49999999999997,2694
2,594,158.13888888888886,2694
2,595,174.8888888888889,2694
2,596,150.80555555555557,2694
2,597,146.0555555555556,2700
2,598,153.19444444444437,2700
2,599,162.66666666666674,2700
2,600,169.83333333333346,2700
2,601,171.97222222222229,2700
2,602,154.16666666666666,2700
2,603,165.0833333333333,2700
2,604,154.9166666666667,2700
2,605,153.72222222222223,2706
2,606,165.80555555555554,2718
2,607,162.47222222222226,2724
2,608,165.9166666666667,2724
2,609,168.8333333333334,2724
2,610,156.0833333333334,2730
2,611,153.97222222222223,2730
2,612,151.4722222222222,2730
2,613,155.55555555555551,2730
2,614,142.08333333333334,2730
2,615,168.11111111111123,2730
2,616,168.13888888888894,2730
2,617,164.58333333333337,2730
2,618,174.97222222222229,2736
2,619,161.3055555555556,2742
2,620,166.58333333333334,2742
2,621,174.72222222222223,2742
2,622,190.80555555555563,2742
2,623,178.88888888888894,2742
2,624,164.83333333333331,2748
2,625,164.44444444444446,2748
2,626,157.6666666666667,2748
2,627,164.3611111111111,2748
2,628,172.16666666666669,2748
2,629,168.9722222222222,2748
2,630,166.97222222222229,2748
2,631,161.27777777777777,2748
2,632,164.94444444444449,2778
2,633,169.27777777777777,2778
2,634,149.1944444444445,2778
2,635,156.11111111111117,2784
2,636,165.3888888888889,2784
2,637,159.13888888888886,2790
2,638,158.22222222222217,2796
2,639,180.38888888888897,2796
2,640,170.75000000000006,2802
2,641,164.47222222222229,2814
2,642,156.69444444444446,2814
2,643,148.9166666666667,2826
2,644,162.80555555555557,2844
2,645,171.6111111111112,2844
2,646,167.55555555555554,2844
2,647,153.52777777777783,2844
2,648,159.61111111111111,2844
2,649,162.0555555555556,2850
2,650,161.77777777777771,2850
2,651,160.66666666666669,2856
2,652,173.9722222222222,2868
2,653,176.19444444444454,2880
2,654,172.5555555555556,2880
2,655,203.38888888888894,2880
2,656,203.22222222222229,2880
2,657,165.8333333333334,2880
2,658,167.58333333333334,2880
2,659,199.88888888888894,2880
2,660,192.2777777777778,2898
2,661,207.27777777777783,2898
2,662,193.8055555555556,2898
2,663,180.2777777777777,2904
2,664,175.61111111111111,2910
2,665,181.16666666666663,2916
2,666,191.25,2916
2,667,215.11111111111111,2916
2,668,213.6944444444444,2922
2,669,208.27777777777777,2928
2,670,188.1944444444445,2934
2,671,178.55555555555551,2934
2,672,184.97222222222226,2934
2,673,182.3055555555556,2952
2,674,188.91666666666669,2952
2,675,184.7222222222222,2958
2,676,189.61111111111111,2958
2,677,220.05555555555554,2958
2,678,201.91666666666669,2964
2,679,196.94444444444443,2964
2,680,198.5555555555556,2970
2,681,205.36111111111106,2970
2,682,196.8333333333334,2970
2,683,194.9444444444445,2970
2,684,193.2222222222222,2976
2,685,191.3888888888889,2976
2,686,187.16666666666669,2976
2,687,198.24999999999994,2976
2,688,200.8055555555556,2976
2,689,216.58333333333337,2976
2,690,193.61111111111123,2976
2,691,199.30555555555554,2976
2,692,191.9166666666667,2976
2,693,197.24999999999997,2976
2,694,196.19444444444454,2982
2,695,194.7222222222222,2982
2,696,191.4722222222222,2988
2,697,178.86111111111111,2994
2,698,189.00000000000006,2994
2,699,211.75000000000009,2994
2,700,189.61111111111106,2994
2,701,219.58333333333337,2994
2,702,197.52777777777789,2994
2,703,202.94444444444449,2994
2,704,184.58333333333337,2994
2,705,193.91666666666674,3000
2,706,189.19444444444457,3006
2,707,207.69444444444443,3012
2,708,202.44444444444446,3012
2,709,206.9722222222222,3018
2,710,223.58333333333337,3018
2,711,211.91666666666669,3018
2,712,209.02777777777786,3018
2,713,208.61111111111106,3024
2,714,202.30555555555554,3024
2,715,200.36111111111103,3024
2,716,209.55555555555554,3024
2,717,211.41666666666683,3030
2,718,212.6111111111111,3030
2,719,202.52777777777789,3030
2,720,199.13888888888886,3030
2,721,206.5277777777778,3030
2,722,217.30555555555554,3054
2,723,208.3333333333334,3054
2,724,185.38888888888883,3054
2,725,182.75,3066
2,726,211.02777777777777,3066
2,727,194.38888888888886,3066
2,728,193.77777777777774,3066
2,729,214.33333333333343,3066
2,730,192.7777777777778,3066
2,731,208.00000000000003,3066
2,732,207.66666666666669,3066
2,733,206.25000000000003,3078
2,734,205.97222222222223,3096
2,735,203.52777777777777,3108
2,736,205.74999999999994,3114
2,737,220.1944444444445,3114
2,738,199.16666666666663,3114
2,739,192.66666666666666,3120
2,740,208.1666666666667,3126
2,741,177.1666666666666,3132
2,742,233.97222222222223,3132
2,743,184.50000000000003,3144
2,744,170.02777777777786,3144
2,745,196.72222222222223,3144
2,746,205.6388888888889,3144
2,747,201.69444444444449,3150
2,748,203.61111111111128,3150
2,749,191.41666666666666,3156
2,750,200.52777777777777,3156
2,751,219.6666666666667,3162
2,752,173.1944444444444,3162
2,753,225.69444444444446,3168
2,754,208.36111111111114,3180
2,755,212.41666666666666,3180
2,756,207.91666666666674,3186
2,757,200.9166666666666,3198
2,758,216.38888888888894,3210
2,759,198.3611111111111,3216
2,760,212.27777777777783,3222
2,761,191.6666666666668,3222
2,762,218.33333333333331,3222
2,763,208.5833333333334,3222
2,764,190.19444444444449,3234
2,765,210.99999999999997,3240
2,766,181.16666666666677,3240
2,767,179.02777777777783,3240
2,768,201.2777777777777,3240
2,769,183.6388888888889,3240
2,770,187.91666666666663,3252
2,771,225.91666666666669,3252
2,772,211.6388888888889,3258
2,773,207.05555555555563,3258
2,774,200.86111111111123,3264
2,775,192.33333333333334,3270
2,776,198.13888888888886,3288
2,777,215.33333333333337,3288
2,778,187.83333333333337,3288
2,779,193.66666666666666,3288
2,780,202.1388888888889,3288
2,781,193.61111111111114,3288
2,782,211.05555555555557,3288
2,783,196.13888888888889,3288
2,784,183.99999999999991,3288
2,785,199.5833333333334,3294
2,786,212.11111111111106,3312
2,787,192.72222222222223,3312
2,788,230.4444444444445,3312
2,789,206.3333333333334,3312
2,790,198.77777777777783,3312
2,791,206.91666666666657,3312
2,792,206.77777777777786,3312
2,793,196.1944444444444,3336
2,794,207.47222222222223,3336
2,795,208.05555555555557,3336
2,796,213.55555555555557,3348
2,797,213.7499999999999,3354
2,798,190.19444444444446,3372
2,799,199.55555555555543,3378
2,800,208.7500000000001,3396
2,801,219.3055555555556,3402
2,802,202.08333333333331,3402
2,803,195.11111111111114,3414
2,804,184.94444444444449,3426
2,805,220.94444444444457,3426
2,806,197.0277777777778,3426
2,807,203.44444444444454,3432
2,808,197.66666666666666,3432
2,809,205.08333333333331,3438
2,810,196.88888888888894,3438
2,811,215.66666666666666,3438
2,812,189.72222222222226,3444
2,813,209.88888888888894,3450
2,814,198.61111111111097,3456
2,815,196.36111111111114,3462
2,816,170.7777777777778,3462
2,817,182.02777777777777,3462
2,818,214.8611111111112,3462
2,819,189.83333333333346,3486
2,820,188.00000000000009,3486
2,821,210.44444444444446,3486
2,822,190.72222222222223,3486
2,823,201.47222222222226,3486
2,824,191.83333333333343,3486
2,825,185.13888888888883,3498
2,826,196.4444444444444,3504
2,827,210.61111111111114,3510
2,828,204.77777777777771,3516
2,829,184.66666666666674,3522
2,830,204.11111111111111,3522
2,831,197.61111111111117,3522
2,832,212.41666666666666,3522
2,833,188.36111111111111,3522
2,834,189.41666666666666,3528
2,835,183.5555555555556,3528
2,836,187.0,3528
2,837,205.58333333333346,3534
2,838,204.4166666666667,3540
2,839,200.22222222222226,3564
2,840,213.58333333333343,3564
2,841,207.0277777777778,3564
2,842,177.38888888888903,3576
2,843,200.69444444444449,3576
2,844,215.8333333333333,3576
2,845,217.6944444444444,3576
2,846,213.55555555555554,3588
2,847,212.02777777777774,3600
2,848,206.75000000000003,3606
2,849,190.55555555555554,3606
2,850,177.19444444444449,3606
2,851,184.72222222222223,3612
2,852,213.25000000000009,3612
2,853,184.52777777777777,3612
2,854,193.88888888888883,3612
2,855,189.0,3660
2,856,199.8888888888889,3666
2,857,198.61111111111114,3672
2,858,205.22222222222223,3672
2,859,204.3055555555556,3678
2,860,200.58333333333334,3678
2,861,188.22222222222229,3678
2,862,199.25000000000009,3678
2,863,199.44444444444446,3678
2,864,216.86111111111117,3684
2,865,194.36111111111114,3690
2,866,211.5555555555556,3690
2,867,200.30555555555557,3696
2,868,202.05555555555569,3696
2,869,208.3888888888889,3696
2,870,203.41666666666663,3696
2,871,198.00000000000009,3702
2,872,194.3055555555556,3702
2,873,201.49999999999997,3702
2,874,221.0833333333334,3708
2,875,177.72222222222226,3714
2,876,188.8333333333334,3714
2,877,184.72222222222229,3714
2,878,212.41666666666669,3720
2,879,209.69444444444449,3720
2,880,193.0277777777778,3720
2,881,212.38888888888894,3720
2,882,218.55555555555566,3726
2,883,206.30555555555557,3726
2,884,192.1944444444444,3732
2,885,181.47222222222223,3732
2,886,206.1944444444444,3738
2,887,184.38888888888883,3738
2,888,199.33333333333334,3738
2,889,196.47222222222226,3744
2,890,196.86111111111117,3744
2,891,195.16666666666666,3744
2,892,204.88888888888894,3744
2,893,206.25000000000009,3744
2,894,181.41666666666669,3744
2,895,216.55555555555557,3744
2,896,191.5277777777778,3744
2,897,194.50000000000006,3756
2,898,208.1388888888889,3756
2,899,187.88888888888889,3774
2,900,221.25,3774
2,901,178.72222222222226,3786
2,902,187.4444444444444,3786
2,903,225.86111111111114,3786
2,904,201.80555555555554,3798
2,905,199.27777777777777,3816
2,906,202.6666666666667,3816
2,907,202.9722222222222,3822
2,908,192.63888888888894,3840
2,909,236.69444444444443,3840
2,910,192.66666666666669,3846
2,911,181.7222222222223,3852
2,912,195.3055555555556,3852
2,913,204.69444444444443,3852
2,914,181.08333333333337,3852
2,915,200.94444444444449,3852
2,916,192.5833333333334,3852
2,917,188.0,3852
2,918,195.88888888888886,3852
2,919,209.66666666666666,3858
2,920,196.3611111111112,3858
2,921,193.22222222222223,3864
2,922,195.9444444444446,3864
2,923,211.3888888888889,3864
2,924,203.61111111111123,3870
2,925,213.5277777777778,3876
2,926,202.11111111111111,3882
2,927,197.05555555555554,3882
2,928,204.19444444444443,3882
2,929,209.91666666666666,3882
2,930,196.77777777777786,3888
2,931,191.75000000000009,3888
2,932,217.30555555555566,3894
2,933,210.41666666666669,3900
2,934,206.66666666666669,3900
2,935,194.36111111111114,3906
2,936,193.80555555555554,3912
2,937,218.11111111111114,3912
2,938,211.4166666666667,3912
2,939,207.6388888888888,3912
2,940,195.50000000000003,3924
2,941,190.47222222222223,3930
2,942,230.52777777777777,3930
2,943,200.72222222222237,3930
2,944,204.8055555555555,3930
2,945,206.1111111111112,3936
2,946,191.63888888888897,3936
2,947,195.77777777777783,3936
2,948,203.9444444444445,3936
2,949,211.08333333333337,3948
2,950,191.44444444444443,3948
2,951,196.27777777777783,3948
2,952,220.27777777777777,3948
2,953,184.11111111111114,3972
2,954,199.91666666666666,3972
2,955,209.91666666666669,3972
2,956,205.33333333333331,3972
2,957,202.77777777777786,3972
2,958,191.75000000000003,3972
2,959,200.1388888888889,3972
2,960,194.6111111111111,3978
2,961,207.80555555555557,3978
2,962,192.72222222222223,3978
2,963,205.75000000000006,3978
2,964,215.58333333333334,3978
2,965,196.33333333333343,3978
2,966,195.91666666666669,3996
2,967,219.25,4002
2,968,191.66666666666663,4002
2,969,200.19444444444443,4032
2,970,186.1111111111111,4032
2,971,203.16666666666669,4032
2,972,195.47222222222223,4032
2,973,178.6111111111111,4032
2,974,191.88888888888886,4032
2,975,192.88888888888894,4032
2,976,207.72222222222229,4032
2,977,213.08333333333334,4032
2,978,202.2500000000001,4056
2,979,207.0555555555556,4056
2,980,208.22222222222229,4056
2,981,199.52777777777777,4056
2,982,202.61111111111114,4056
2,983,201.11111111111111,4056
2,984,205.36111111111114,4068
2,985,178.58333333333343,4074
2,986,194.0,4086
2,987,207.50000000000003,4092
2,988,191.44444444444443,4092
2,989,221.02777777777789,4116
2,990,199.88888888888886,4116
2,991,197.08333333333331,4128
2,992,191.44444444444443,4128
2,993,191.8611111111112,4128
2,994,193.19444444444443,4128
2,995,197.9166666666667,4128
2,996,216.1944444444445,4128
2,997,203.05555555555563,4128
2,998,193.33333333333331,4128
2,999,193.61111111111114,4128
2,1000,211.72222222222226,4134
