agentid,step,ExpectedQvalue,CumulativeReward,center1_q,center2_q
0,1,39.222222222222236,0,7.111111111111098,17.77777777777777
0,2,40.222222222222236,0,11.944444444444422,15.305555555555538
0,3,42.77777777777777,0,8.277777777777763,20.361111111111125
0,4,40.638888888888886,0,5.66666666666666,18.72222222222224
0,5,30.611111111111114,0,13.194444444444422,19.638888888888886
0,6,36.52777777777777,0,11.777777777777757,18.27777777777777
0,7,32.305555555555564,0,4.7499999999999964,21.333333333333353
0,8,44.63888888888888,0,6.527777777777768,13.777777777777755
0,9,43.99999999999998,0,5.749999999999992,16.472222222222207
0,10,38.194444444444436,0,7.222222222222208,20.72222222222223
0,11,31.138888888888896,0,5.444444444444437,20.722222222222218
0,12,40.25,0,7.944444444444429,23.91666666666667
0,13,46.666666666666664,0,4.388888888888886,21.583333333333346
0,14,36.75000000000001,0,9.583333333333318,20.000000000000004
0,15,37.97222222222223,0,3.97222222222222,22.33333333333336
0,16,42.30555555555558,0,5.388888888888881,31.11111111111112
0,17,45.416666666666664,0,8.08333333333332,23.527777777777793
0,18,38.138888888888886,6,6.805555555555544,23.19444444444446
0,19,50.99999999999999,6,6.2222222222222126,31.97222222222231
0,20,42.30555555555556,6,6.361111111111102,32.22222222222231
0,21,40.27777777777777,36,5.444444444444439,38.527777777778
0,22,53.22222222222223,66,6.194444444444435,41.77777777777809
0,23,58.36111111111112,108,4.527777777777775,52.777777777778375
0,24,46.86111111111111,120,5.027777777777772,46.22222222222269
0,25,46.02777777777778,120,5.583333333333326,37.13888888888913
0,26,51.5,120,7.472222222222208,52.44444444444512
0,27,50.77777777777777,132,6.416666666666657,47.472222222222754
0,28,62.77777777777778,138,4.777777777777774,50.77777777777846
0,29,55.08333333333333,162,9.194444444444429,50.91666666666734
0,30,65.66666666666667,162,5.083333333333329,55.638888888889745
0,31,67.13888888888889,168,8.999999999999984,60.55555555555665
0,32,63.52777777777779,168,3.888888888888888,74.38888888889032
0,33,64.72222222222221,174,6.027777777777769,64.55555555555677
0,34,59.5,228,5.166666666666662,75.75000000000142
0,35,82.44444444444447,228,5.333333333333328,66.1944444444457
0,36,72.27777777777777,228,10.638888888888872,55.27777777777872
0,37,72.5555555555556,228,10.333333333333314,61.05555555555665
0,38,100.63888888888893,228,8.916666666666652,97.9722222222238
0,39,86.72222222222229,270,10.138888888888872,101.97222222222395
0,40,90.47222222222224,270,4.972222222222216,120.16666666666875
0,41,94.05555555555559,282,3.0833333333333313,113.72222222222418
0,42,110.13888888888896,282,7.7777777777777635,130.7222222222246
0,43,113.05555555555557,288,8.05555555555554,104.0277777777795
0,44,123.91666666666669,336,3.8055555555555536,144.52777777778059
0,45,65.74999999999999,384,6.722222222222211,61.75000000000078
0,46,97.8055555555555,384,6.222222222222213,95.0277777777794
0,47,91.30555555555557,420,6.694444444444434,86.3888888888903
0,48,87.16666666666661,420,7.6944444444444295,98.27777777777949
0,49,108.8611111111111,426,5.444444444444438,109.25000000000196
0,50,93.2777777777778,426,7.694444444444429,86.80555555555698
0,51,85.55555555555554,426,6.249999999999991,109.72222222222416
0,52,80.13888888888886,444,4.083333333333331,120.83333333333547
0,53,85.19444444444449,444,4.944444444444438,111.47222222222419
0,54,93.94444444444446,444,5.722222222222213,96.66666666666832
0,55,82.50000000000001,456,5.166666666666661,85.52777777777922
0,56,72.33333333333334,456,4.611111111111107,84.8611111111125
0,57,98.19444444444447,456,5.361111111111105,84.2500000000014
0,58,97.77777777777779,456,6.999999999999988,90.47222222222376
0,59,73.0277777777778,456,6.8333333333333215,94.77777777777936
0,60,88.05555555555557,456,8.972222222222205,91.694444444446
0,61,103.33333333333327,456,8.138888888888873,103.25000000000179
0,62,78.8611111111111,456,6.0555555555555465,100.16666666666839
0,63,84.88888888888887,462,6.194444444444435,95.02777777777945
0,64,65.75000000000001,462,9.527777777777759,95.02777777777938
0,65,81.77777777777776,462,9.611111111111097,103.77777777777959
0,66,89.05555555555559,462,5.277777777777772,94.833333333335
0,67,96.2777777777778,462,8.91666666666665,94.63888888889053
0,68,96.77777777777776,504,5.638888888888882,100.13888888889065
0,69,79.1111111111111,528,12.944444444444422,73.69444444444561
0,70,89.47222222222223,540,4.4166666666666625,107.05555555555745
0,71,114.27777777777779,540,8.555555555555538,102.91666666666846
0,72,84.94444444444444,540,7.999999999999985,100.83333333333509
0,73,96.80555555555554,540,6.333333333333323,111.55555555555759
0,74,81.16666666666667,540,5.2777777777777715,80.88888888889021
0,75,82.97222222222221,546,4.861111111111107,97.50000000000168
0,76,89.99999999999999,558,3.444444444444444,105.91666666666852
0,77,79.22222222222223,564,6.666666666666657,100.66666666666845
0,78,80.6388888888889,582,5.416666666666661,96.13888888889056
0,79,93.91666666666669,606,8.472222222222205,105.25000000000185
0,80,73.02777777777777,606,8.91666666666665,101.722222222224
0,81,65.36111111111113,606,5.194444444444438,104.05555555555735
0,82,97.38888888888884,606,10.444444444444427,95.47222222222389
0,83,89.8888888888889,606,3.9444444444444433,105.19444444444629
0,84,95.1388888888889,606,5.055555555555549,108.50000000000192
0,85,95.6111111111111,606,7.277777777777765,93.30555555555713
0,86,83.22222222222224,606,5.333333333333328,95.33333333333496
0,87,81.38888888888891,606,8.111111111111097,102.44444444444623
0,88,95.66666666666669,606,3.999999999999999,119.38888888889109
0,89,85.1666666666667,606,6.833333333333322,89.33333333333486
0,90,87.5,606,8.861111111111095,94.3055555555572
0,91,91.77777777777776,606,7.277777777777764,77.33333333333458
0,92,85.72222222222224,606,9.805555555555536,68.94444444444552
0,93,79.47222222222221,624,11.305555555555538,52.30555555555617
0,94,77.6388888888889,624,9.249999999999982,87.75000000000149
0,95,82.44444444444447,624,6.3055555555555465,71.50000000000114
0,96,86.38888888888889,624,7.8611111111110965,70.91666666666777
0,97,81.94444444444446,624,8.52777777777776,59.083333333334146
0,98,92.75,624,7.416666666666654,79.94444444444576
0,99,92.27777777777776,642,9.194444444444427,75.86111111111234
0,100,92.6111111111111,666,12.944444444444427,74.2500000000012
0,101,79.44444444444449,666,6.277777777777768,81.83333333333472
0,102,96.27777777777776,666,7.249999999999986,87.33333333333482
0,103,60.138888888888886,684,10.38888888888887,79.19444444444574
0,104,79.72222222222224,702,3.416666666666665,81.55555555555691
0,105,95.38888888888889,732,9.361111111111095,83.94444444444582
0,106,88.83333333333333,750,8.166666666666652,74.58333333333454
0,107,87.1388888888889,780,11.388888888888873,85.7777777777792
0,108,92.6388888888889,780,5.5277777777777715,84.77777777777915
0,109,87.02777777777779,804,3.666666666666667,87.72222222222369
0,110,92.77777777777779,804,11.222222222222205,66.50000000000102
0,111,88.47222222222221,804,6.083333333333323,75.2500000000012
0,112,87.44444444444444,810,7.305555555555543,76.36111111111232
0,113,87.63888888888887,810,6.194444444444435,70.50000000000112
0,114,100.52777777777781,810,9.99999999999998,81.8888888888902
0,115,95.66666666666667,810,7.194444444444431,88.05555555555704
0,116,107.80555555555554,810,7.555555555555542,89.91666666666818
0,117,82.02777777777779,810,11.611111111111097,64.88888888888987
0,118,97.30555555555554,888,4.194444444444444,71.47222222222337
0,119,101.22222222222223,912,6.333333333333323,82.77777777777915
0,120,74.24999999999999,924,9.861111111111095,84.44444444444586
0,121,92.24999999999999,924,8.472222222222205,85.61111111111256
0,122,91.50000000000004,942,8.861111111111095,69.50000000000107
0,123,96.63888888888893,942,7.833333333333319,87.41666666666818
0,124,91.38888888888886,948,8.944444444444429,70.13888888889
0,125,74.0277777777778,948,6.3055555555555465,79.36111111111244
0,126,89.63888888888889,948,7.305555555555543,75.5555555555568
0,127,106.50000000000003,966,7.111111111111099,74.75000000000122
0,128,93.69444444444444,990,7.8611111111110965,64.77777777777874
0,129,91.91666666666664,996,6.638888888888878,80.36111111111242
0,130,95.16666666666666,996,7.916666666666651,102.02777777777958
0,131,111.5833333333333,996,9.166666666666648,59.22222222222305
0,132,78.36111111111113,996,5.77777777777777,73.5000000000012
0,133,84.08333333333333,996,11.888888888888868,82.0000000000014
0,134,95.0,996,7.666666666666653,84.41666666666806
0,135,86.80555555555553,996,10.055555555555541,85.00000000000145
0,136,95.80555555555554,996,9.194444444444425,91.50000000000172
0,137,89.24999999999999,996,6.944444444444432,79.38888888889026
0,138,93.52777777777781,996,9.722222222222204,75.22222222222345
0,139,95.30555555555553,996,8.249999999999986,72.58333333333454
0,140,86.55555555555557,996,8.888888888888875,69.4444444444456
0,141,81.69444444444446,996,8.361111111111097,91.00000000000173
0,142,84.33333333333336,996,9.361111111111093,74.11111111111234
0,143,89.91666666666666,996,11.166666666666643,79.11111111111248
0,144,104.30555555555554,996,7.694444444444431,74.00000000000124
0,145,92.88888888888891,1002,6.305555555555546,90.66666666666833
0,146,94.80555555555561,1002,9.583333333333318,70.38888888889004
0,147,85.91666666666667,1002,5.472222222222215,89.55555555555719
0,148,79.25000000000003,1002,9.277777777777759,75.25000000000126
0,149,92.36111111111113,1002,7.722222222222208,89.94444444444612
0,150,62.472222222222214,1002,7.361111111111098,80.58333333333475
0,151,97.61111111111111,1020,5.77777777777777,89.25000000000163
0,152,103.80555555555553,1020,5.638888888888881,73.27777777777902
0,153,92.61111111111117,1038,6.416666666666657,72.08333333333454
0,154,87.49999999999996,1044,7.69444444444443,64.80555555555657
0,155,80.88888888888889,1062,11.472222222222202,81.55555555555702
0,156,86.41666666666666,1062,6.472222222222212,79.44444444444585
0,157,81.38888888888891,1062,7.388888888888874,65.86111111111214
0,158,94.91666666666667,1062,10.30555555555554,65.05555555555657
0,159,84.77777777777779,1068,11.083333333333318,72.41666666666788
0,160,101.61111111111111,1092,6.527777777777768,76.08333333333461
0,161,90.13888888888891,1116,10.611111111111091,90.19444444444612
0,162,81.80555555555557,1122,8.05555555555554,80.16666666666809
0,163,98.58333333333333,1128,6.222222222222212,77.77777777777914
0,164,78.69444444444441,1134,8.777777777777764,90.41666666666833
0,165,100.16666666666666,1134,6.555555555555546,93.80555555555733
0,166,73.41666666666667,1140,13.027777777777759,80.5277777777792
0,167,71.5277777777778,1146,10.249999999999979,70.77777777777897
0,168,105.55555555555554,1152,6.611111111111101,94.0833333333351
0,169,94.16666666666664,1152,5.194444444444439,89.13888888889058
0,170,88.94444444444443,1152,7.44444444444443,69.88888888889004
0,171,102.9722222222222,1152,7.305555555555543,64.66666666666767
0,172,90.94444444444443,1152,12.833333333333313,79.0000000000014
0,173,88.27777777777777,1188,6.805555555555546,89.5555555555572
0,174,103.11111111111113,1212,8.69444444444443,80.33333333333476
0,175,89.02777777777783,1212,7.972222222222206,69.2777777777789
0,176,103.08333333333334,1212,10.583333333333314,75.33333333333461
0,177,97.83333333333334,1218,4.861111111111105,84.55555555555705
0,178,104.11111111111113,1218,6.694444444444433,86.66666666666826
0,179,98.47222222222223,1218,6.555555555555545,77.5555555555569
0,180,78.22222222222223,1230,5.944444444444437,79.11111111111246
0,181,97.66666666666669,1230,7.111111111111098,82.44444444444592
0,182,94.94444444444446,1236,2.694444444444445,95.77777777777962
0,183,98.94444444444447,1236,9.638888888888872,80.44444444444586
0,184,80.30555555555554,1272,5.499999999999991,82.1944444444459
0,185,88.94444444444446,1272,8.361111111111097,87.41666666666828
0,186,99.75000000000001,1284,5.333333333333328,95.08333333333512
0,187,87.80555555555557,1284,8.749999999999982,94.66666666666846
0,188,102.44444444444444,1284,9.08333333333332,71.80555555555674
0,189,87.08333333333331,1296,7.194444444444431,76.6388888888902
0,190,100.66666666666666,1302,9.749999999999984,79.55555555555695
0,191,104.16666666666669,1302,8.861111111111095,59.638888888889745
0,192,77.66666666666669,1302,8.388888888888873,83.72222222222372
0,193,95.55555555555556,1302,9.333333333333314,99.22222222222408
0,194,99.63888888888889,1308,8.944444444444425,86.0000000000015
0,195,82.91666666666666,1308,5.972222222222216,85.75000000000148
0,196,97.8055555555556,1314,7.333333333333321,77.41666666666795
0,197,95.11111111111111,1320,8.944444444444429,66.4166666666677
0,198,96.6388888888889,1320,7.749999999999987,84.97222222222369
0,199,84.88888888888891,1326,8.52777777777776,71.8333333333345
0,200,89.86111111111113,1326,5.805555555555547,86.47222222222372
0,201,92.05555555555556,1326,4.749999999999996,87.66666666666822
0,202,81.58333333333331,1326,9.333333333333316,71.4444444444456
0,203,98.55555555555551,1326,6.861111111111099,100.08333333333519
0,204,83.72222222222223,1326,9.527777777777757,77.97222222222351
0,205,84.61111111111113,1326,6.777777777777767,77.7777777777791
0,206,96.52777777777776,1332,6.833333333333322,78.0277777777791
0,207,73.36111111111111,1332,4.444444444444442,84.83333333333482
0,208,104.63888888888886,1356,7.527777777777762,91.47222222222386
0,209,79.69444444444444,1356,8.944444444444429,100.36111111111299
0,210,84.08333333333333,1356,8.41666666666665,80.3333333333347
0,211,89.38888888888887,1356,8.80555555555554,92.47222222222389
0,212,100.08333333333329,1356,5.999999999999991,85.47222222222372
0,213,89.19444444444443,1356,4.4166666666666625,86.08333333333485
0,214,96.02777777777777,1362,9.16666666666665,78.86111111111245
0,215,102.25,1362,2.3055555555555554,103.72222222222418
0,216,108.08333333333329,1392,6.111111111111104,87.19444444444598
0,217,91.52777777777779,1392,7.222222222222209,64.6111111111121
0,218,111.63888888888893,1416,8.166666666666652,73.55555555555675
0,219,86.1388888888889,1416,6.944444444444433,86.05555555555704
0,220,105.08333333333334,1428,6.277777777777769,82.1388888888903
0,221,96.69444444444449,1428,4.888888888888884,72.80555555555672
0,222,116.94444444444443,1434,11.388888888888873,69.72222222222332
0,223,84.77777777777777,1440,9.055555555555538,83.72222222222366
0,224,71.36111111111111,1446,7.888888888888875,86.75000000000152
0,225,87.55555555555554,1452,11.472222222222198,76.16666666666791
0,226,109.88888888888889,1452,8.222222222222205,71.75000000000115
0,227,96.69444444444444,1458,9.305555555555536,75.9444444444457
0,228,83.38888888888889,1458,4.861111111111107,85.41666666666818
0,229,91.41666666666666,1464,10.66666666666665,93.55555555555723
0,230,78.30555555555556,1470,4.444444444444442,81.75000000000139
0,231,88.05555555555557,1482,9.944444444444427,84.77777777777925
0,232,95.6388888888889,1482,6.722222222222212,76.97222222222351
0,233,80.9722222222222,1482,8.805555555555541,77.75000000000132
0,234,97.0,1482,11.472222222222204,70.36111111111222
0,235,86.58333333333336,1488,7.9444444444444295,78.5277777777791
0,236,96.30555555555554,1488,6.944444444444433,78.16666666666798
0,237,94.00000000000001,1488,4.027777777777778,85.47222222222372
0,238,113.41666666666663,1488,7.472222222222207,81.8888888888903
0,239,103.02777777777776,1488,5.749999999999993,70.77777777777891
0,240,94.86111111111114,1488,6.499999999999989,88.13888888889046
0,241,84.2777777777778,1488,8.861111111111098,76.63888888889016
0,242,90.91666666666667,1494,10.749999999999982,75.58333333333458
0,243,102.66666666666666,1512,9.222222222222207,78.25000000000134
0,244,98.9166666666667,1518,6.027777777777769,91.66666666666833
0,245,70.75000000000006,1524,4.638888888888885,96.11111111111286
0,246,82.41666666666667,1530,9.305555555555538,66.61111111111215
0,247,88.75000000000003,1542,5.222222222222217,85.05555555555704
0,248,106.99999999999999,1542,9.249999999999982,82.97222222222365
0,249,104.55555555555556,1542,7.44444444444443,78.47222222222355
0,250,92.25000000000003,1542,8.888888888888873,87.72222222222376
0,251,100.22222222222221,1542,5.66666666666666,93.88888888889059
0,252,96.63888888888884,1560,7.972222222222207,75.5833333333346
0,253,93.13888888888887,1560,5.805555555555546,79.2777777777791
0,254,101.94444444444446,1560,7.972222222222206,92.41666666666832
0,255,96.88888888888891,1590,6.24999999999999,91.69444444444612
0,256,86.83333333333336,1590,6.888888888888879,82.08333333333474
0,257,85.69444444444443,1596,7.416666666666653,98.13888888889072
0,258,94.08333333333331,1596,7.055555555555545,86.94444444444599
0,259,101.61111111111114,1596,8.111111111111097,75.38888888889015
0,260,78.0277777777778,1596,11.388888888888868,79.58333333333468
0,261,113.30555555555556,1596,6.833333333333321,74.52777777777902
0,262,102.75000000000003,1602,6.611111111111103,97.97222222222403
0,263,101.72222222222221,1608,8.19444444444443,76.75000000000128
0,264,111.08333333333336,1620,9.249999999999986,91.61111111111276
0,265,93.16666666666667,1632,5.166666666666662,81.69444444444585
0,266,111.02777777777779,1632,6.722222222222212,81.27777777777916
0,267,104.9722222222222,1638,9.972222222222207,70.77777777777891
0,268,109.27777777777774,1638,7.777777777777764,89.33333333333495
0,269,91.08333333333333,1644,6.277777777777768,101.86111111111306
0,270,109.72222222222224,1644,8.694444444444432,71.36111111111225
0,271,79.44444444444446,1644,6.972222222222211,96.0555555555573
0,272,91.94444444444447,1650,10.222222222222204,76.2222222222235
0,273,92.13888888888887,1650,6.888888888888875,78.72222222222355
0,274,114.94444444444444,1650,4.888888888888885,98.41666666666849
0,275,82.08333333333336,1656,7.305555555555542,75.86111111111238
0,276,88.47222222222219,1656,7.305555555555543,98.86111111111293
0,277,109.25000000000006,1656,5.027777777777774,100.9722222222241
0,278,104.77777777777779,1662,9.91666666666665,67.52777777777881
0,279,103.80555555555557,1662,8.805555555555541,69.94444444444557
0,280,109.91666666666663,1668,6.888888888888878,79.4444444444458
0,281,94.33333333333331,1668,5.833333333333324,96.11111111111288
0,282,104.61111111111114,1668,7.972222222222206,91.66666666666833
0,283,110.75000000000001,1674,4.888888888888884,89.66666666666826
0,284,105.50000000000003,1692,8.722222222222207,73.30555555555675
0,285,87.72222222222223,1698,5.972222222222214,89.69444444444605
0,286,104.47222222222224,1698,7.472222222222207,76.77777777777905
0,287,90.19444444444446,1698,7.749999999999984,80.19444444444582
0,288,84.75,1698,8.55555555555554,73.44444444444565
0,289,99.0,1698,10.388888888888873,86.83333333333486
0,290,96.83333333333333,1698,10.083333333333318,80.80555555555695
0,291,96.47222222222226,1710,6.444444444444435,97.27777777777958
0,292,114.55555555555556,1728,10.972222222222205,82.41666666666808
0,293,103.47222222222217,1740,12.277777777777755,76.00000000000128
0,294,113.94444444444444,1740,7.638888888888874,87.16666666666822
0,295,106.08333333333331,1746,5.805555555555548,75.9444444444457
0,296,91.55555555555557,1752,6.499999999999991,90.13888888889049
0,297,108.38888888888889,1770,3.694444444444443,92.13888888889056
0,298,92.72222222222224,1788,7.416666666666651,72.91666666666787
0,299,118.52777777777777,1788,7.777777777777761,98.66666666666849
0,300,95.8611111111111,1788,9.13888888888887,92.00000000000165
0,301,96.19444444444443,1788,9.138888888888872,69.66666666666777
0,302,119.25,1788,7.33333333333332,79.16666666666801
0,303,124.02777777777779,1788,6.166666666666657,86.75000000000153
0,304,88.72222222222223,1788,4.111111111111109,89.00000000000158
0,305,104.41666666666669,1788,4.777777777777773,100.88888888889079
0,306,100.5,1788,8.611111111111095,81.97222222222362
0,307,96.36111111111111,1788,7.6111111111110965,76.6111111111124
0,308,115.08333333333336,1788,4.94444444444444,93.25000000000169
0,309,92.27777777777777,1806,4.527777777777772,89.83333333333495
0,310,104.47222222222224,1824,11.333333333333314,84.41666666666815
0,311,123.13888888888886,1842,8.361111111111093,87.19444444444599
0,312,128.16666666666669,1866,7.361111111111098,83.25000000000142
0,313,115.52777777777779,1872,8.083333333333318,87.86111111111269
0,314,104.44444444444443,1872,6.277777777777769,85.72222222222373
0,315,113.86111111111111,1878,5.666666666666659,87.44444444444602
0,316,107.63888888888884,1884,7.861111111111096,93.77777777777948
0,317,108.27777777777781,1890,11.499999999999979,75.75000000000126
0,318,100.86111111111111,1914,8.16666666666665,83.33333333333478
0,319,92.6388888888889,1920,7.555555555555542,96.44444444444622
0,320,104.19444444444443,1920,5.4444444444444375,80.05555555555692
0,321,95.38888888888893,1920,7.638888888888874,97.2500000000018
0,322,115.02777777777777,1920,4.833333333333329,87.38888888889045
0,323,109.16666666666666,1920,5.666666666666659,104.25000000000196
0,324,101.74999999999999,1920,5.083333333333326,89.0000000000016
0,325,126.30555555555559,1926,13.33333333333331,82.33333333333475
0,326,108.24999999999997,1926,11.583333333333318,64.6111111111121
0,327,99.08333333333336,1926,4.527777777777775,95.55555555555729
0,328,98.97222222222221,1938,5.694444444444438,88.36111111111269
0,329,127.61111111111116,1950,7.0833333333333215,78.36111111111244
0,330,88.08333333333334,1950,8.027777777777763,91.75000000000168
0,331,108.22222222222226,1950,7.305555555555543,96.13888888889066
0,332,95.86111111111116,1980,4.94444444444444,89.3888888888905
0,333,114.72222222222226,1980,7.055555555555544,84.08333333333479
0,334,100.91666666666669,1980,8.222222222222207,87.7777777777793
0,335,102.69444444444443,1986,7.777777777777762,71.00000000000112
0,336,89.3611111111111,1992,4.972222222222218,83.44444444444589
0,337,109.52777777777776,1992,7.249999999999988,87.72222222222376
0,338,94.0277777777778,1998,9.166666666666654,82.86111111111256
0,339,115.6388888888889,1998,8.333333333333318,65.66666666666768
0,340,109.27777777777773,1998,9.555555555555536,97.47222222222403
0,341,102.58333333333337,1998,5.111111111111106,79.75000000000136
0,342,118.72222222222219,2004,9.55555555555554,85.36111111111262
0,343,101.02777777777777,2010,6.1388888888888795,99.4444444444463
0,344,96.97222222222223,2022,8.555555555555538,96.52777777777958
0,345,104.77777777777777,2022,13.777777777777759,78.4444444444458
0,346,89.08333333333336,2028,7.277777777777763,94.55555555555726
0,347,105.69444444444447,2064,7.58333333333332,83.22222222222365
0,348,84.47222222222224,2076,9.527777777777763,90.97222222222388
0,349,111.36111111111114,2076,8.111111111111095,73.3888888888901
0,350,98.44444444444443,2082,10.694444444444423,78.69444444444576
0,351,99.83333333333331,2082,6.888888888888878,93.69444444444615
0,352,94.8333333333333,2118,9.611111111111095,86.11111111111265
0,353,128.3611111111111,2124,7.472222222222206,85.52777777777928
0,354,101.58333333333333,2136,4.3888888888888875,94.75000000000172
0,355,80.22222222222223,2136,5.4444444444444375,93.19444444444615
0,356,88.3888888888889,2154,6.3888888888888795,88.61111111111269
0,357,112.16666666666673,2160,5.972222222222215,86.50000000000153
0,358,124.27777777777781,2166,6.833333333333322,84.36111111111258
0,359,107.50000000000006,2166,10.138888888888872,62.55555555555649
0,360,107.77777777777781,2166,10.027777777777763,91.33333333333498
0,361,107.33333333333333,2166,9.527777777777763,80.75000000000136
0,362,111.11111111111111,2172,8.194444444444429,105.19444444444645
0,363,109.50000000000003,2172,9.527777777777759,74.277777777779
0,364,89.33333333333336,2172,7.694444444444429,76.38888888889015
0,365,91.63888888888886,2172,7.777777777777762,67.86111111111218
0,366,94.97222222222224,2172,5.222222222222217,88.94444444444605
0,367,120.94444444444443,2202,7.277777777777764,101.11111111111302
0,368,102.77777777777774,2202,8.749999999999984,73.69444444444564
0,369,94.75,2208,7.777777777777763,97.00000000000179
0,370,102.69444444444446,2214,4.861111111111107,105.83333333333536
0,371,89.75,2214,8.138888888888873,84.36111111111256
0,372,97.08333333333334,2232,6.13888888888888,80.22222222222358
0,373,112.63888888888889,2232,5.888888888888882,88.33333333333489
0,374,109.25,2238,6.277777777777767,101.0000000000019
0,375,107.75000000000001,2244,4.861111111111106,93.50000000000169
0,376,94.69444444444446,2250,9.027777777777763,86.27777777777929
0,377,100.0,2280,7.58333333333332,84.25000000000148
0,378,106.47222222222221,2280,10.749999999999982,94.88888888889062
0,379,106.86111111111111,2280,8.416666666666648,79.19444444444578
0,380,100.69444444444441,2280,9.972222222222202,92.11111111111278
0,381,111.25000000000001,2292,10.249999999999986,89.0000000000016
0,382,111.77777777777781,2304,8.888888888888873,96.22222222222399
0,383,93.50000000000003,2304,5.111111111111105,77.0000000000013
0,384,99.97222222222224,2304,5.222222222222217,90.3888888888905
0,385,111.25000000000003,2304,5.4444444444444375,86.44444444444595
0,386,103.47222222222219,2328,7.222222222222208,77.91666666666795
0,387,122.25000000000004,2340,6.055555555555547,82.33333333333476
0,388,108.55555555555556,2346,15.555555555555534,58.27777777777859
0,389,96.30555555555554,2346,7.805555555555541,77.83333333333464
0,390,108.91666666666671,2358,6.361111111111099,66.50000000000104
0,391,99.44444444444444,2358,10.749999999999982,95.75000000000179
0,392,112.94444444444444,2358,7.749999999999987,62.77777777777872
0,393,103.75000000000003,2364,6.555555555555546,84.1111111111126
0,394,107.33333333333331,2364,6.833333333333322,91.00000000000165
0,395,94.27777777777783,2364,6.388888888888879,82.47222222222365
0,396,120.19444444444451,2394,8.361111111111097,89.7777777777794
0,397,101.63888888888889,2394,5.916666666666658,92.80555555555726
0,398,95.80555555555557,2394,7.861111111111096,84.69444444444594
0,399,108.83333333333333,2400,7.416666666666654,78.38888888889024
0,400,96.61111111111111,2400,11.861111111111091,86.58333333333488
0,401,103.63888888888887,2406,5.944444444444436,98.61111111111295
0,402,131.80555555555554,2412,9.972222222222204,81.19444444444585
0,403,102.08333333333334,2412,9.138888888888873,96.69444444444623
0,404,112.63888888888887,2418,4.527777777777776,73.00000000000121
0,405,102.91666666666664,2418,7.666666666666654,69.55555555555667
0,406,97.58333333333336,2418,11.222222222222207,74.72222222222346
0,407,100.44444444444444,2424,7.055555555555544,70.19444444444557
0,408,111.08333333333333,2430,3.72222222222222,100.5000000000019
0,409,116.25000000000003,2430,14.861111111111095,83.30555555555699
0,410,88.13888888888886,2430,11.138888888888872,73.8888888888901
0,411,96.05555555555557,2430,9.583333333333318,93.86111111111283
0,412,95.88888888888886,2430,4.361111111111107,96.61111111111289
0,413,114.36111111111116,2436,8.388888888888877,92.13888888889058
0,414,113.5,2448,10.166666666666647,73.777777777779
0,415,112.88888888888886,2454,7.6944444444444295,83.55555555555702
0,416,82.44444444444444,2454,5.416666666666658,84.47222222222369
0,417,109.27777777777779,2466,8.694444444444429,82.97222222222365
0,418,121.05555555555554,2466,10.24999999999998,85.6388888888904
0,419,95.97222222222221,2466,9.30555555555554,89.25000000000159
0,420,114.86111111111107,2466,8.333333333333318,73.83333333333454
0,421,97.63888888888889,2472,7.222222222222209,95.72222222222399
0,422,101.08333333333339,2490,10.861111111111093,79.19444444444578
0,423,96.83333333333336,2490,9.16666666666665,72.16666666666784
0,424,106.83333333333331,2490,5.111111111111107,84.47222222222368
0,425,103.61111111111116,2490,5.722222222222215,93.25000000000169
0,426,105.7777777777778,2502,1.666666666666667,102.88888888889083
0,427,103.27777777777779,2508,6.249999999999989,84.19444444444592
0,428,88.77777777777777,2514,10.805555555555538,88.02777777777935
0,429,113.25000000000001,2514,6.499999999999989,91.50000000000166
0,430,104.02777777777777,2520,9.055555555555541,88.38888888889045
0,431,105.55555555555554,2544,8.861111111111097,81.16666666666808
0,432,106.58333333333334,2544,9.722222222222207,72.50000000000118
0,433,104.33333333333333,2562,8.583333333333316,96.77777777777958
0,434,109.27777777777781,2568,5.416666666666661,84.41666666666816
0,435,119.80555555555556,2574,9.111111111111095,70.55555555555668
0,436,105.58333333333333,2580,7.444444444444432,91.38888888889053
0,437,111.63888888888887,2580,6.499999999999991,103.66666666666862
0,438,108.47222222222219,2580,11.222222222222205,76.6111111111124
0,439,103.27777777777776,2580,8.138888888888873,71.36111111111227
0,440,94.33333333333331,2580,4.972222222222219,100.94444444444633
0,441,85.74999999999999,2586,7.749999999999985,85.52777777777928
0,442,113.6111111111111,2604,10.249999999999984,96.472222222224
0,443,123.16666666666664,2610,7.083333333333321,79.38888888889021
0,444,84.69444444444444,2610,4.638888888888885,78.13888888889021
0,445,106.75,2616,10.972222222222204,82.27777777777919
0,446,109.33333333333334,2634,9.527777777777766,101.05555555555743
0,447,106.52777777777779,2652,12.277777777777759,86.94444444444596
0,448,109.58333333333334,2652,9.722222222222205,69.77777777777888
0,449,103.2777777777778,2652,5.138888888888884,71.55555555555672
0,450,91.6111111111111,2658,5.277777777777771,103.13888888889085
0,451,106.02777777777783,2658,5.388888888888882,93.16666666666835
0,452,126.58333333333334,2658,11.749999999999979,84.52777777777926
0,453,98.61111111111109,2676,11.49999999999998,89.13888888889049
0,454,102.4166666666667,2700,7.722222222222207,91.4444444444461
0,455,113.58333333333333,2700,4.999999999999996,96.75000000000178
0,456,94.44444444444446,2718,7.694444444444429,71.4722222222234
0,457,90.5,2730,6.97222222222221,110.08333333333543
0,458,107.13888888888893,2730,6.49999999999999,103.58333333333532
0,459,107.27777777777781,2736,5.972222222222214,88.61111111111268
0,460,108.36111111111111,2736,5.944444444444437,83.30555555555702
0,461,113.05555555555551,2766,8.611111111111093,99.77777777777962
0,462,104.8888888888889,2772,7.666666666666652,83.4722222222237
0,463,112.97222222222227,2772,5.88888888888888,105.94444444444645
0,464,88.83333333333337,2778,8.27777777777776,89.33333333333496
0,465,113.08333333333337,2778,7.055555555555542,96.91666666666849
0,466,95.02777777777779,2802,9.27777777777776,77.8888888888902
0,467,90.08333333333331,2802,11.999999999999982,101.08333333333522
0,468,126.44444444444443,2814,9.666666666666654,90.2777777777794
0,469,108.05555555555557,2814,5.749999999999993,84.05555555555704
0,470,92.19444444444444,2814,9.44444444444443,82.41666666666808
0,471,99.97222222222216,2814,6.74999999999999,82.02777777777918
0,472,94.33333333333334,2850,5.1944444444444375,96.77777777777956
0,473,111.00000000000006,2850,10.638888888888868,92.44444444444612
0,474,102.0277777777778,2850,5.8888888888888795,79.63888888889025
0,475,117.97222222222224,2850,10.194444444444427,78.19444444444576
0,476,102.47222222222219,2880,6.555555555555545,86.1388888888904
0,477,120.00000000000001,2880,13.972222222222205,63.777777777778745
0,478,126.30555555555556,2886,7.861111111111097,83.63888888889035
0,479,117.66666666666667,2886,7.499999999999986,93.16666666666838
0,480,109.4722222222222,2886,11.61111111111109,82.44444444444589
0,481,107.08333333333337,2886,9.638888888888875,72.9722222222234
0,482,111.25000000000001,2886,8.833333333333316,89.91666666666826
0,483,98.19444444444446,2886,10.833333333333316,85.94444444444599
0,484,94.6666666666667,2886,6.416666666666657,88.00000000000155
0,485,113.44444444444444,2886,3.8055555555555536,105.9166666666687
0,486,113.33333333333334,2892,11.138888888888872,92.72222222222389
0,487,106.0,2892,6.083333333333324,89.00000000000158
0,488,98.55555555555557,2892,7.944444444444429,91.52777777777942
0,489,95.19444444444447,2892,9.777777777777759,100.52777777777968
0,490,107.44444444444446,2904,3.1944444444444438,111.61111111111327
0,491,95.6666666666667,2910,9.499999999999986,93.3888888888906
0,492,100.33333333333334,2952,3.4444444444444415,89.77777777777938
0,493,109.94444444444447,2964,8.138888888888873,79.97222222222359
0,494,83.22222222222224,2970,9.111111111111091,93.02777777777948
0,495,97.66666666666666,2970,12.99999999999997,75.19444444444568
0,496,119.33333333333334,2970,5.472222222222216,88.33333333333492
0,497,77.61111111111114,2970,10.916666666666648,73.47222222222342
0,498,97.97222222222223,2976,9.861111111111093,92.66666666666833
0,499,97.13888888888887,2976,8.722222222222205,68.97222222222331
0,500,92.58333333333333,2976,11.722222222222204,66.5555555555566
0,501,97.52777777777779,2976,8.166666666666652,87.50000000000158
0,502,118.44444444444447,2982,6.611111111111099,90.50000000000162
0,503,114.49999999999999,2982,6.4722222222222126,85.36111111111262
0,504,97.41666666666671,2994,6.5833333333333215,95.86111111111288
0,505,105.72222222222226,2994,13.611111111111091,73.50000000000121
0,506,89.02777777777779,3000,10.52777777777776,85.91666666666816
0,507,108.25000000000001,3000,9.027777777777759,76.77777777777908
0,508,92.05555555555553,3000,8.111111111111095,79.36111111111246
0,509,105.66666666666667,3000,5.611111111111104,88.47222222222379
0,510,111.1111111111111,3000,5.749999999999991,67.36111111111217
0,511,102.58333333333331,3012,7.33333333333332,71.52777777777894
0,512,115.36111111111111,3012,6.02777777777777,98.66666666666852
0,513,116.83333333333334,3012,8.416666666666652,79.52777777777912
0,514,121.30555555555557,3012,8.305555555555538,92.91666666666835
0,515,94.49999999999997,3030,8.416666666666648,86.00000000000152
0,516,94.97222222222221,3030,10.194444444444429,97.33333333333515
0,517,101.6388888888889,3030,8.583333333333314,87.69444444444599
0,518,106.47222222222219,3030,8.388888888888873,70.55555555555668
0,519,95.66666666666669,3030,5.277777777777771,91.11111111111273
0,520,85.44444444444446,3030,8.638888888888872,97.00000000000178
0,521,92.27777777777774,3030,8.611111111111095,95.25000000000175
0,522,97.27777777777777,3036,9.249999999999982,81.50000000000142
0,523,100.19444444444441,3048,7.888888888888873,69.69444444444554
0,524,96.3888888888889,3048,7.749999999999986,93.47222222222393
0,525,95.86111111111113,3060,5.638888888888881,82.00000000000142
0,526,108.97222222222224,3060,9.222222222222204,85.41666666666818
0,527,122.22222222222219,3060,7.472222222222209,89.55555555555718
0,528,94.97222222222223,3060,6.24999999999999,113.33333333333553
0,529,89.33333333333337,3060,8.944444444444427,92.83333333333502
0,530,105.00000000000001,3078,6.7499999999999885,92.63888888889058
0,531,82.11111111111113,3090,10.166666666666652,91.52777777777943
0,532,104.2777777777778,3114,7.55555555555554,94.88888888889062
0,533,102.47222222222223,3114,10.805555555555538,80.16666666666801
0,534,112.05555555555554,3114,7.9722222222222054,95.05555555555729
0,535,103.22222222222224,3138,2.6111111111111094,91.47222222222388
0,536,103.27777777777773,3138,10.13888888888887,70.58333333333447
0,537,101.33333333333336,3138,8.833333333333316,99.19444444444628
0,538,99.08333333333334,3138,6.27777777777777,87.25000000000153
0,539,112.25000000000003,3162,8.361111111111095,91.91666666666832
0,540,97.8888888888889,3174,9.722222222222205,77.19444444444574
0,541,96.08333333333333,3174,7.499999999999986,89.66666666666829
0,542,105.4444444444445,3180,3.9999999999999987,101.72222222222413
0,543,108.77777777777779,3192,10.138888888888873,81.97222222222364
0,544,101.1666666666666,3192,8.111111111111095,95.30555555555728
0,545,110.02777777777776,3192,7.472222222222209,81.88888888889029
0,546,117.27777777777779,3192,7.777777777777765,88.27777777777933
0,547,103.1388888888889,3192,7.749999999999987,86.08333333333485
0,548,88.3888888888889,3192,5.52777777777777,98.00000000000182
0,549,99.58333333333331,3198,11.749999999999984,66.0277777777788
0,550,91.66666666666667,3204,7.444444444444431,91.80555555555723
0,551,110.11111111111113,3204,14.944444444444429,70.63888888889002
0,552,77.41666666666664,3210,6.555555555555545,72.69444444444561
0,553,97.91666666666671,3210,6.861111111111099,92.47222222222392
0,554,105.63888888888884,3210,9.499999999999984,94.80555555555729
0,555,115.30555555555559,3210,7.638888888888874,86.6666666666682
0,556,94.47222222222223,3210,7.611111111111098,85.36111111111263
0,557,97.5,3222,9.666666666666652,85.72222222222372
0,558,91.83333333333331,3228,8.555555555555541,95.94444444444623
0,559,107.63888888888887,3240,7.972222222222207,83.41666666666812
0,560,105.49999999999999,3246,10.88888888888887,65.05555555555655
0,561,118.30555555555556,3246,10.194444444444427,84.83333333333479
0,562,110.77777777777777,3246,9.583333333333318,78.86111111111245
0,563,97.77777777777774,3246,6.583333333333323,64.66666666666765
0,564,97.33333333333333,3246,6.666666666666654,64.36111111111208
0,565,96.1111111111111,3252,4.638888888888887,74.97222222222346
0,566,98.88888888888891,3252,4.055555555555554,84.19444444444592
0,567,109.41666666666667,3270,9.999999999999984,86.47222222222378
0,568,114.94444444444443,3294,4.722222222222219,92.0555555555572
0,569,101.44444444444447,3306,4.833333333333329,77.61111111111242
0,570,108.22222222222221,3306,7.666666666666653,89.86111111111272
0,571,114.66666666666671,3306,11.194444444444427,80.30555555555691
0,572,123.36111111111111,3306,6.388888888888879,75.80555555555682
0,573,101.0,3312,10.166666666666648,75.7222222222235
0,574,116.6666666666667,3312,11.416666666666652,80.86111111111249
0,575,96.13888888888893,3318,12.583333333333314,73.11111111111232
0,576,108.91666666666664,3336,7.416666666666654,88.94444444444605
0,577,105.94444444444444,3342,5.66666666666666,83.47222222222366
0,578,112.27777777777776,3348,10.30555555555554,77.1388888888902
0,579,102.0277777777778,3348,8.305555555555543,80.52777777777914
0,580,120.16666666666663,3348,11.999999999999982,71.00000000000115
0,581,94.77777777777779,3348,3.583333333333333,99.13888888889072
0,582,105.55555555555553,3348,7.249999999999986,88.97222222222379
0,583,103.63888888888891,3348,4.388888888888885,79.38888888889022
0,584,107.19444444444446,3348,6.555555555555544,91.22222222222385
0,585,94.50000000000001,3348,6.277777777777771,74.86111111111235
0,586,89.50000000000001,3348,7.194444444444431,92.77777777777946
0,587,83.83333333333334,3348,8.583333333333316,71.4444444444456
0,588,122.58333333333331,3348,12.944444444444425,81.05555555555694
0,589,112.25000000000001,3354,4.361111111111109,85.97222222222373
0,590,98.86111111111111,3360,7.611111111111098,76.63888888889016
0,591,89.8888888888889,3384,9.972222222222202,78.97222222222354
0,592,104.02777777777783,3384,7.6944444444444295,82.52777777777918
0,593,103.75000000000001,3390,4.777777777777773,90.25000000000159
0,594,101.63888888888889,3390,7.416666666666653,87.86111111111268
0,595,112.36111111111117,3396,9.166666666666652,77.69444444444575
0,596,99.30555555555557,3396,4.805555555555551,82.94444444444586
0,597,99.72222222222223,3396,6.13888888888888,82.38888888889029
0,598,104.50000000000001,3396,10.305555555555541,80.1944444444458
0,599,90.2777777777778,3414,7.472222222222207,79.77777777777912
0,600,84.5,3414,8.666666666666652,91.0277777777794
0,601,108.91666666666674,3426,3.9444444444444438,80.52777777777916
0,602,112.11111111111111,3426,6.444444444444434,104.33333333333528
0,603,109.16666666666667,3426,6.305555555555544,78.38888888889018
0,604,95.1388888888889,3438,7.666666666666653,91.08333333333496
0,605,91.75000000000003,3450,9.333333333333318,70.8055555555567
0,606,93.52777777777774,3450,7.833333333333318,79.50000000000135
0,607,103.33333333333337,3450,7.666666666666654,81.66666666666804
0,608,94.66666666666666,3450,10.499999999999982,67.75000000000105
0,609,107.2777777777778,3450,7.777777777777763,87.05555555555708
0,610,102.63888888888889,3450,8.638888888888872,101.611111111113
0,611,124.33333333333333,3450,6.055555555555546,102.80555555555746
0,612,98.27777777777776,3450,10.027777777777757,74.00000000000122
0,613,101.63888888888897,3450,9.083333333333314,67.00000000000104
0,614,118.11111111111113,3450,9.694444444444427,91.4444444444461
0,615,109.50000000000004,3450,8.77777777777776,71.4444444444456
0,616,106.52777777777781,3450,10.944444444444427,93.80555555555725
0,617,115.91666666666671,3450,8.194444444444429,88.944444444446
0,618,107.63888888888889,3450,9.52777777777776,70.08333333333445
0,619,118.77777777777784,3450,8.916666666666654,76.88888888889018
0,620,99.27777777777777,3450,9.27777777777776,94.77777777777948
0,621,123.69444444444441,3450,6.583333333333322,75.50000000000125
0,622,111.27777777777779,3450,10.055555555555538,98.61111111111292
0,623,103.8888888888889,3450,7.527777777777764,88.19444444444599
0,624,95.55555555555559,3450,6.333333333333324,89.36111111111269
0,625,98.47222222222224,3450,5.55555555555555,103.47222222222415
0,626,96.41666666666664,3450,8.777777777777757,82.02777777777918
0,627,113.33333333333336,3450,6.694444444444433,75.91666666666792
0,628,123.0,3450,4.805555555555551,81.30555555555695
0,629,105.25000000000004,3450,10.38888888888887,102.86111111111305
0,630,106.69444444444449,3450,8.749999999999982,76.55555555555684
0,631,110.91666666666666,3450,6.944444444444432,84.66666666666815
0,632,114.36111111111113,3450,5.2777777777777715,77.61111111111241
0,633,115.97222222222226,3450,9.277777777777763,80.80555555555694
0,634,97.88888888888893,3450,8.111111111111095,95.16666666666842
0,635,93.47222222222223,3450,5.555555555555547,83.22222222222365
0,636,129.66666666666669,3450,12.277777777777759,85.30555555555704
0,637,103.75,3450,6.972222222222211,85.52777777777926
0,638,89.00000000000004,3450,5.3611111111111045,90.47222222222385
0,639,97.94444444444443,3450,9.13888888888887,93.13888888889056
0,640,108.91666666666669,3450,4.749999999999996,88.69444444444603
0,641,89.13888888888886,3450,6.333333333333324,87.52777777777933
0,642,99.77777777777784,3450,6.666666666666656,94.55555555555726
0,643,110.9166666666667,3450,10.666666666666648,85.00000000000148
0,644,103.33333333333333,3450,10.416666666666654,90.22222222222383
0,645,113.25000000000006,3492,7.416666666666652,89.63888888889049
0,646,98.77777777777779,3492,6.416666666666658,84.88888888889036
0,647,95.75000000000003,3492,7.888888888888874,75.66666666666791
0,648,109.77777777777781,3552,5.388888888888882,80.3333333333347
0,649,103.47222222222226,3576,8.138888888888872,83.66666666666809
0,650,104.36111111111111,3624,11.083333333333316,75.08333333333456
0,651,110.66666666666667,3624,9.916666666666652,78.88888888889022
0,652,94.91666666666669,3624,4.2222222222222205,82.80555555555698
0,653,107.77777777777776,3636,6.027777777777769,91.38888888889053
0,654,108.19444444444447,3636,6.805555555555543,84.75000000000148
0,655,90.19444444444449,3636,8.333333333333318,91.63888888889052
0,656,119.50000000000003,3648,8.249999999999984,81.19444444444584
0,657,92.36111111111111,3660,10.13888888888887,81.3611111111125
0,658,112.55555555555556,3714,6.9999999999999885,75.63888888889014
0,659,111.19444444444446,3726,8.472222222222205,80.63888888889028
0,660,104.83333333333333,3774,6.194444444444436,88.63888888889046
0,661,96.88888888888889,3774,7.0833333333333215,74.75000000000124
0,662,107.97222222222221,3798,11.999999999999984,77.27777777777906
0,663,100.91666666666666,3804,6.27777777777777,82.86111111111252
0,664,110.83333333333336,3804,7.249999999999988,93.63888888889058
0,665,113.94444444444447,3804,7.111111111111099,85.66666666666816
0,666,106.55555555555556,3804,10.999999999999986,83.08333333333476
0,667,94.58333333333331,3804,6.777777777777765,83.58333333333476
0,668,107.1388888888889,3810,6.555555555555545,108.75000000000207
0,669,86.52777777777777,3810,8.555555555555538,68.69444444444551
0,670,105.69444444444444,3810,9.666666666666648,80.97222222222362
0,671,98.13888888888889,3822,5.416666666666661,97.52777777777956
0,672,106.02777777777774,3822,9.138888888888872,74.75000000000122
0,673,113.27777777777783,3822,6.7222222222222126,100.25000000000183
0,674,102.27777777777774,3822,9.583333333333318,84.22222222222369
0,675,110.6111111111111,3828,11.527777777777754,59.555555555556396
0,676,94.47222222222223,3840,7.611111111111097,88.88888888889048
0,677,94.83333333333331,3840,8.499999999999984,89.86111111111272
0,678,105.83333333333336,3840,4.33333333333333,93.47222222222388
0,679,112.86111111111109,3864,9.63888888888887,68.8611111111122
0,680,104.61111111111114,3864,10.416666666666648,97.66666666666845
0,681,107.72222222222227,3864,9.972222222222204,74.38888888889011
0,682,120.2777777777778,3864,7.833333333333319,80.0555555555569
0,683,107.2222222222222,3882,6.0555555555555465,87.08333333333488
0,684,87.41666666666667,3894,3.2499999999999987,70.25000000000112
0,685,99.1388888888889,3906,7.499999999999987,98.2500000000018
0,686,113.2222222222223,3930,7.638888888888875,88.94444444444603
0,687,119.41666666666663,3930,8.805555555555541,96.30555555555732
0,688,107.0277777777778,3936,7.9444444444444295,88.52777777777935
0,689,100.83333333333336,3960,7.138888888888874,83.52777777777924
0,690,108.63888888888889,3966,12.138888888888866,86.58333333333486
0,691,117.47222222222224,3978,8.638888888888873,68.0833333333344
0,692,119.91666666666671,3984,10.916666666666655,66.47222222222324
0,693,113.2777777777778,3996,11.4722222222222,87.50000000000153
0,694,120.6111111111111,4014,6.24999999999999,85.75000000000149
0,695,105.3611111111111,4014,5.305555555555549,79.80555555555692
0,696,95.36111111111116,4020,5.416666666666662,89.50000000000158
0,697,104.2777777777778,4020,8.972222222222205,73.69444444444564
0,698,113.47222222222221,4020,5.16666666666666,91.13888888889053
0,699,103.50000000000004,4026,9.416666666666652,78.02777777777908
0,700,96.86111111111113,4038,8.027777777777763,91.38888888889052
0,701,100.72222222222226,4068,5.833333333333328,70.63888888889001
0,702,135.11111111111114,4068,8.499999999999986,76.44444444444572
0,703,93.63888888888891,4068,5.527777777777771,92.333333333335
0,704,115.36111111111107,4068,5.305555555555547,95.61111111111283
0,705,115.58333333333334,4080,5.3611111111111045,79.22222222222356
0,706,94.52777777777779,4080,11.888888888888868,84.00000000000145
0,707,110.22222222222223,4080,8.861111111111093,78.47222222222352
0,708,100.08333333333333,4092,7.583333333333319,80.30555555555691
0,709,82.05555555555554,4092,9.305555555555538,74.1388888888901
0,710,111.08333333333336,4092,5.361111111111105,72.80555555555672
0,711,87.47222222222224,4110,6.666666666666655,90.97222222222386
0,712,107.36111111111111,4122,11.16666666666665,81.77777777777918
0,713,95.5,4122,11.333333333333314,74.72222222222345
0,714,101.94444444444449,4122,11.611111111111093,80.9722222222236
0,715,106.8333333333334,4128,5.499999999999994,87.38888888889043
0,716,83.11111111111109,4128,5.583333333333327,79.3055555555569
0,717,114.91666666666666,4128,8.166666666666652,89.25000000000158
0,718,107.75000000000001,4140,9.944444444444425,83.19444444444589
0,719,119.05555555555559,4158,7.027777777777767,89.63888888889046
0,720,104.63888888888891,4158,9.02777777777776,69.33333333333444
0,721,111.80555555555559,4170,8.361111111111097,86.27777777777928
0,722,115.22222222222223,4176,8.77777777777776,74.72222222222345
0,723,99.9722222222222,4176,7.249999999999988,87.9166666666682
0,724,116.80555555555557,4176,8.694444444444432,87.3055555555571
0,725,99.38888888888891,4176,6.111111111111103,76.27777777777904
0,726,103.49999999999999,4182,11.74999999999998,82.30555555555698
0,727,107.27777777777776,4182,8.44444444444443,99.52777777777962
0,728,90.61111111111111,4182,9.055555555555536,68.77777777777887
0,729,107.86111111111111,4206,8.55555555555554,90.80555555555719
0,730,96.05555555555554,4212,4.111111111111111,91.52777777777939
0,731,97.27777777777777,4224,5.333333333333327,102.25000000000189
0,732,110.80555555555559,4224,8.222222222222205,89.44444444444603
0,733,107.0277777777778,4224,9.80555555555554,94.22222222222393
0,734,93.41666666666667,4224,6.638888888888877,85.38888888889036
0,735,100.99999999999999,4230,8.41666666666665,78.86111111111244
0,736,105.55555555555559,4278,9.138888888888873,92.61111111111279
0,737,98.74999999999999,4290,9.638888888888872,76.13888888889016
0,738,95.47222222222219,4296,4.416666666666663,96.63888888889065
0,739,108.19444444444449,4296,7.55555555555554,85.69444444444594
0,740,106.7777777777778,4296,6.833333333333321,83.58333333333478
0,741,109.05555555555551,4308,6.8611111111111,90.33333333333496
0,742,118.52777777777779,4326,12.249999999999979,75.88888888889014
0,743,95.27777777777776,4332,5.166666666666661,97.66666666666846
0,744,92.63888888888889,4338,6.861111111111099,94.63888888889062
0,745,112.77777777777777,4350,7.416666666666654,99.3888888888907
0,746,99.08333333333336,4374,8.305555555555541,70.97222222222334
0,747,107.52777777777777,4380,7.194444444444431,85.47222222222373
0,748,128.27777777777777,4380,9.499999999999986,80.69444444444582
0,749,103.50000000000006,4380,7.555555555555542,76.27777777777904
0,750,104.19444444444437,4380,6.4166666666666545,83.50000000000145
0,751,99.2777777777778,4386,8.19444444444443,90.5000000000016
0,752,110.00000000000003,4410,12.583333333333316,63.472222222223174
0,753,103.80555555555557,4416,5.722222222222215,91.77777777777943
0,754,105.61111111111113,4422,9.666666666666648,80.30555555555692
0,755,110.1111111111111,4422,9.722222222222204,91.83333333333498
0,756,85.72222222222221,4422,8.111111111111095,99.72222222222406
0,757,88.47222222222221,4422,7.638888888888874,83.97222222222369
0,758,108.75000000000003,4434,6.499999999999991,81.69444444444585
0,759,78.44444444444444,4434,6.694444444444435,89.38888888889046
0,760,98.11111111111111,4470,12.138888888888872,81.44444444444585
0,761,98.88888888888889,4494,7.944444444444428,72.25000000000117
0,762,105.97222222222223,4518,7.027777777777766,82.13888888889029
0,763,107.08333333333333,4524,8.694444444444427,78.91666666666802
0,764,94.1111111111111,4524,7.91666666666665,76.91666666666792
0,765,104.50000000000001,4524,10.749999999999984,72.91666666666784
0,766,106.52777777777779,4530,6.527777777777768,95.41666666666839
0,767,108.80555555555556,4536,4.61111111111111,102.33333333333523
0,768,108.75000000000001,4536,6.111111111111102,93.94444444444613
0,769,125.3888888888889,4536,9.16666666666665,83.75000000000145
0,770,99.88888888888886,4566,7.138888888888876,83.11111111111254
0,771,92.80555555555559,4566,7.083333333333321,79.55555555555691
0,772,94.66666666666666,4566,8.194444444444429,83.08333333333476
0,773,102.6111111111111,4572,10.444444444444427,90.69444444444606
0,774,105.44444444444444,4572,5.333333333333327,84.00000000000145
0,775,92.41666666666667,4572,5.388888888888883,92.33333333333499
0,776,103.47222222222224,4572,7.527777777777764,100.91666666666855
0,777,105.19444444444443,4578,4.861111111111107,82.30555555555696
0,778,109.72222222222224,4596,7.666666666666653,78.9444444444458
0,779,94.7777777777778,4602,8.611111111111095,85.66666666666816
0,780,104.63888888888891,4602,7.777777777777763,86.66666666666818
0,781,97.27777777777783,4608,5.222222222222216,80.25000000000135
0,782,106.1666666666667,4614,8.833333333333316,93.83333333333503
0,783,113.30555555555554,4614,13.277777777777755,68.6111111111122
0,784,85.05555555555557,4626,8.30555555555554,90.02777777777936
0,785,91.1388888888889,4626,5.249999999999992,89.80555555555716
0,786,97.22222222222224,4626,7.388888888888876,91.19444444444609
0,787,102.52777777777776,4650,8.055555555555541,82.94444444444586
0,788,83.55555555555554,4662,10.111111111111091,91.36111111111275
0,789,110.88888888888886,4668,5.388888888888883,80.38888888889026
0,790,117.19444444444444,4668,7.33333333333332,101.55555555555743
0,791,108.61111111111111,4680,3.8055555555555545,83.77777777777922
0,792,102.94444444444443,4680,6.49999999999999,83.33333333333476
0,793,102.1388888888889,4680,8.63888888888887,88.25000000000156
0,794,104.22222222222223,4680,7.361111111111098,75.8333333333346
0,795,94.24999999999997,4692,11.277777777777763,72.3333333333345
0,796,92.80555555555553,4728,8.249999999999984,81.1111111111125
0,797,114.19444444444449,4740,11.305555555555536,83.5277777777792
0,798,93.97222222222223,4746,11.222222222222205,72.44444444444562
0,799,118.72222222222223,4746,9.249999999999982,80.30555555555691
0,800,109.5,4758,6.999999999999988,77.61111111111241
0,801,112.00000000000001,4764,7.472222222222209,86.72222222222375
0,802,107.94444444444447,4776,8.111111111111095,79.52777777777912
0,803,102.02777777777776,4776,8.52777777777776,98.722222222224
0,804,107.22222222222224,4776,3.6944444444444438,79.0555555555569
0,805,109.1666666666667,4782,4.555555555555554,93.97222222222395
0,806,109.88888888888894,4782,6.111111111111103,91.52777777777942
0,807,105.24999999999999,4788,7.972222222222207,87.47222222222376
0,808,104.91666666666669,4788,10.694444444444425,86.80555555555709
0,809,111.66666666666666,4794,8.722222222222204,81.58333333333474
0,810,98.22222222222223,4806,10.361111111111091,87.91666666666822
0,811,101.08333333333329,4806,9.055555555555541,87.16666666666819
0,812,114.30555555555557,4806,4.9166666666666625,98.75000000000182
0,813,107.58333333333336,4812,6.499999999999988,103.58333333333528
0,814,100.94444444444447,4830,14.555555555555529,72.13888888889005
0,815,89.30555555555559,4842,11.74999999999998,75.97222222222348
0,816,90.22222222222223,4860,7.166666666666654,96.50000000000175
0,817,95.44444444444444,4860,9.44444444444443,82.22222222222364
0,818,119.25,4860,8.527777777777763,71.75000000000115
0,819,110.11111111111111,4860,8.083333333333316,117.30555555555783
0,820,115.11111111111113,4860,6.749999999999989,126.25000000000247
0,821,107.1111111111111,4860,5.499999999999991,122.22222222222463
0,822,102.02777777777783,4866,8.111111111111095,104.66666666666865
0,823,93.16666666666671,4872,7.388888888888875,115.94444444444666
0,824,110.58333333333339,4878,3.6388888888888866,130.61111111111353
0,825,107.63888888888889,4878,8.694444444444427,104.36111111111308
0,826,122.36111111111109,4878,6.583333333333322,113.27777777777996
0,827,101.44444444444447,4878,8.611111111111093,109.69444444444653
0,828,109.33333333333331,4884,6.944444444444433,131.30555555555796
0,829,88.38888888888889,4890,4.166666666666665,109.83333333333542
0,830,105.94444444444449,4890,6.666666666666655,107.72222222222426
0,831,118.05555555555556,4890,7.472222222222208,103.97222222222416
0,832,103.91666666666664,4896,9.16666666666665,104.30555555555752
0,833,94.22222222222219,4896,7.666666666666653,108.58333333333539
0,834,101.86111111111111,4896,6.4722222222222126,115.25000000000223
0,835,93.52777777777777,4896,5.05555555555555,118.08333333333563
0,836,96.99999999999999,4896,4.166666666666666,116.11111111111336
0,837,100.97222222222223,4896,7.5277777777777635,100.38888888889076
0,838,120.41666666666667,4902,6.638888888888879,106.1111111111131
0,839,116.80555555555556,4908,6.527777777777766,98.1111111111129
0,840,117.05555555555556,4920,7.7777777777777635,124.66666666666914
0,841,111.50000000000006,4926,5.527777777777771,109.13888888889093
0,842,95.83333333333334,4932,5.277777777777771,120.8611111111135
0,843,83.66666666666667,4932,5.777777777777771,112.25000000000216
0,844,89.27777777777777,4932,9.611111111111095,96.55555555555733
0,845,108.52777777777779,4932,8.777777777777759,115.88888888889113
0,846,109.91666666666664,4932,7.833333333333318,117.08333333333562
0,847,106.75000000000003,4932,2.861111111111111,125.7222222222247
0,848,110.61111111111111,4932,13.277777777777759,94.50000000000172
0,849,97.08333333333333,4932,4.361111111111106,128.55555555555804
0,850,102.97222222222223,4932,5.055555555555551,110.72222222222433
0,851,132.52777777777777,4944,9.05555555555554,105.4722222222242
0,852,113.80555555555551,4944,7.666666666666652,114.5000000000022
0,853,116.52777777777776,4944,3.833333333333334,124.86111111111359
0,854,120.94444444444447,4944,6.555555555555546,115.4166666666689
0,855,116.3333333333334,4944,8.333333333333318,112.02777777777992
0,856,113.05555555555549,4944,5.499999999999994,123.80555555555797
0,857,110.25000000000001,4944,7.472222222222209,118.88888888889119
0,858,112.97222222222217,4944,7.277777777777764,119.2777777777801
0,859,103.47222222222226,4944,10.05555555555554,113.47222222222443
0,860,101.50000000000004,4944,7.472222222222208,111.00000000000213
0,861,107.00000000000004,4944,6.333333333333322,118.94444444444677
0,862,118.5,4944,6.055555555555547,124.055555555558
0,863,99.27777777777781,4944,4.861111111111106,125.41666666666913
0,864,103.38888888888889,4944,7.583333333333319,120.00000000000234
0,865,102.33333333333333,4944,9.944444444444423,136.61111111111325
0,866,120.02777777777777,4944,7.222222222222208,117.16666666666893
0,867,122.36111111111117,4950,10.91666666666665,127.63888888889142
0,868,111.19444444444441,4950,8.749999999999984,124.88888888889137
0,869,111.36111111111116,4950,3.8333333333333326,124.00000000000246
0,870,123.83333333333337,4950,4.833333333333328,123.47222222222467
0,871,99.61111111111113,4962,8.388888888888873,127.86111111111366
0,872,96.25000000000006,4968,3.8611111111111094,132.166666666669
0,873,113.88888888888891,4968,5.999999999999991,139.2222222222242
0,874,111.77777777777776,4968,6.4722222222222126,131.86111111111344
0,875,118.63888888888889,4968,6.13888888888888,136.4166666666688
0,876,94.11111111111114,4974,5.916666666666659,125.6944444444469
0,877,120.22222222222223,4974,2.0277777777777777,145.80555555555722
0,878,117.41666666666669,4992,8.27777777777776,127.75000000000256
0,879,107.77777777777779,5004,4.027777777777775,137.2222222222243
0,880,111.41666666666669,5010,5.63888888888888,147.05555555555713
0,881,105.22222222222224,5016,8.194444444444429,126.52777777778027
0,882,136.00000000000006,5022,5.722222222222215,126.27777777778032
0,883,104.86111111111109,5022,3.0277777777777777,137.05555555555765
0,884,92.11111111111113,5034,8.638888888888872,120.80555555555792
0,885,115.66666666666664,5034,7.277777777777764,136.388888888891
0,886,114.0277777777778,5034,4.055555555555553,133.41666666666896
0,887,112.38888888888891,5046,3.138888888888889,134.94444444444665
0,888,112.63888888888891,5046,8.27777777777776,136.8055555555577
0,889,116.16666666666666,5052,7.666666666666653,134.44444444444667
0,890,127.69444444444441,5052,6.97222222222221,127.61111111111364
0,891,100.41666666666669,5052,5.694444444444436,142.00000000000185
0,892,92.8611111111111,5058,3.833333333333333,139.66666666666862
0,893,110.52777777777776,5064,8.638888888888875,123.61111111111354
0,894,103.16666666666666,5070,7.916666666666651,131.416666666669
0,895,105.3888888888889,5076,7.111111111111098,132.0555555555579
0,896,109.97222222222223,5076,6.3055555555555465,153.8055555555568
0,897,111.55555555555556,5082,6.2222222222222126,130.5277777777802
0,898,108.19444444444447,5082,8.388888888888873,126.22222222222473
0,899,117.72222222222224,5106,5.777777777777771,124.8333333333358
0,900,97.6111111111111,5106,7.5277777777777635,146.91666666666822
0,901,116.3888888888889,5106,5.833333333333325,121.7500000000024
0,902,100.38888888888889,5112,5.944444444444435,145.41666666666833
0,903,123.63888888888893,5112,2.999999999999999,142.47222222222402
0,904,124.91666666666671,5112,8.277777777777763,128.47222222222473
0,905,116.02777777777779,5112,6.472222222222211,125.61111111111363
0,906,119.52777777777773,5112,6.249999999999991,126.13888888889139
0,907,123.44444444444441,5130,4.277777777777775,140.44444444444636
0,908,112.63888888888889,5136,5.88888888888888,130.97222222222462
0,909,110.83333333333337,5142,3.555555555555555,143.38888888889068
0,910,109.80555555555553,5148,8.249999999999986,129.94444444444693
0,911,98.58333333333334,5148,6.805555555555545,126.05555555555806
0,912,99.41666666666666,5154,7.166666666666652,123.72222222222466
0,913,120.58333333333334,5160,6.861111111111101,122.33333333333573
0,914,107.44444444444447,5166,6.97222222222221,137.19444444444653
0,915,138.58333333333331,5166,6.666666666666655,149.4444444444459
0,916,112.16666666666671,5166,7.583333333333318,127.11111111111364
0,917,112.66666666666669,5166,6.083333333333324,147.72222222222385
0,918,108.69444444444446,5202,6.1388888888888795,129.8333333333358
0,919,107.72222222222221,5208,4.555555555555552,139.3055555555575
0,920,101.25,5208,1.4166666666666667,134.52777777778002
0,921,109.9166666666667,5208,6.694444444444432,143.00000000000182
0,922,100.19444444444446,5226,3.861111111111111,157.83333333333442
0,923,101.75,5232,2.5555555555555554,142.8611111111129
0,924,120.75000000000001,5232,4.22222222222222,131.22222222222462
0,925,110.08333333333333,5238,9.66666666666665,119.61111111111346
0,926,128.9166666666667,5256,8.722222222222207,126.63888888889142
0,927,103.13888888888887,5256,4.888888888888883,146.9722222222238
0,928,104.05555555555557,5256,3.888888888888887,146.02777777777942
0,929,105.3888888888889,5262,7.4444444444444295,133.02777777778007
0,930,123.9166666666667,5262,2.9722222222222214,145.9444444444461
0,931,120.27777777777784,5262,5.05555555555555,148.36111111111268
0,932,126.88888888888891,5262,4.444444444444444,128.91666666666916
0,933,116.30555555555559,5262,4.305555555555553,141.86111111111293
0,934,115.99999999999997,5268,7.472222222222209,133.86111111111336
0,935,101.27777777777776,5274,4.083333333333333,138.8333333333353
0,936,121.52777777777784,5274,5.722222222222213,132.86111111111342
0,937,108.55555555555554,5274,5.499999999999995,133.61111111111342
0,938,110.6388888888889,5274,2.638888888888888,135.50000000000216
0,939,111.16666666666669,5304,4.94444444444444,133.6944444444467
0,940,112.38888888888889,5304,4.94444444444444,142.27777777777956
0,941,124.77777777777777,5310,5.805555555555548,135.25000000000216
0,942,121.77777777777774,5340,5.111111111111105,146.13888888889053
0,943,118.88888888888891,5346,2.805555555555555,145.55555555555722
0,944,104.88888888888886,5358,6.833333333333322,129.77777777778022
0,945,113.77777777777783,5358,3.3888888888888875,149.13888888889042
0,946,121.97222222222221,5364,1.8333333333333337,137.44444444444653
0,947,111.58333333333333,5364,6.194444444444437,139.8055555555575
0,948,124.77777777777784,5376,8.666666666666652,131.97222222222456
0,949,121.44444444444447,5376,7.6111111111110965,125.86111111111362
0,950,110.4166666666667,5376,8.66666666666665,128.00000000000256
0,951,129.55555555555554,5376,6.305555555555547,142.69444444444628
0,952,123.5,5376,2.4444444444444438,135.4722222222244
0,953,110.61111111111114,5376,5.333333333333328,138.6944444444465
0,954,104.91666666666671,5376,8.77777777777776,126.47222222222474
0,955,112.61111111111117,5376,8.27777777777776,137.9444444444465
0,956,118.44444444444443,5382,6.611111111111101,143.77777777777948
0,957,97.58333333333333,5394,9.27777777777776,120.55555555555794
0,958,121.02777777777781,5394,3.722222222222222,139.38888888889088
0,959,119.50000000000001,5400,7.138888888888874,121.25000000000239
0,960,115.77777777777776,5412,12.111111111111093,124.0833333333358
0,961,102.77777777777777,5412,5.555555555555548,128.55555555555807
0,962,110.75000000000003,5412,4.2222222222222205,137.08333333333542
0,963,109.58333333333331,5412,4.749999999999997,133.00000000000227
0,964,115.88888888888889,5418,4.722222222222219,144.22222222222396
0,965,114.05555555555553,5424,4.444444444444439,135.5555555555577
0,966,108.55555555555557,5430,2.222222222222222,147.7777777777793
0,967,130.6388888888889,5436,6.083333333333322,135.16666666666887
0,968,96.44444444444443,5436,6.305555555555546,138.00000000000205
0,969,125.22222222222226,5442,4.194444444444443,148.61111111111262
0,970,118.5277777777778,5442,7.638888888888873,125.08333333333583
0,971,113.0833333333333,5442,4.666666666666661,128.0555555555581
0,972,117.3888888888889,5442,5.249999999999995,125.66666666666913
0,973,112.24999999999999,5442,5.361111111111104,127.50000000000256
0,974,110.33333333333334,5448,4.80555555555555,138.72222222222425
0,975,104.6666666666667,5448,5.666666666666658,127.444444444447
0,976,103.44444444444449,5448,5.805555555555548,130.08333333333576
0,977,118.77777777777779,5460,5.999999999999992,137.3055555555576
0,978,122.1666666666667,5466,6.277777777777769,139.36111111111308
0,979,119.1388888888889,5466,5.777777777777771,151.02777777777914
0,980,109.66666666666669,5496,8.138888888888873,123.97222222222467
0,981,123.55555555555557,5496,4.9166666666666625,132.80555555555787
0,982,108.91666666666667,5496,7.222222222222207,131.25000000000242
0,983,98.36111111111114,5496,5.388888888888884,138.27777777777982
0,984,129.6666666666667,5496,7.694444444444429,147.25000000000156
0,985,116.11111111111109,5514,6.583333333333322,127.1666666666692
0,986,108.11111111111116,5538,7.916666666666652,118.16666666666899
0,987,105.55555555555554,5550,6.833333333333321,130.055555555558
0,988,112.63888888888893,5550,5.083333333333328,135.7777777777799
0,989,108.58333333333336,5550,3.4166666666666643,128.38888888889142
0,990,102.86111111111111,5556,2.8611111111111103,136.83333333333542
0,991,121.41666666666666,5568,8.44444444444443,127.75000000000253
0,992,118.08333333333337,5580,7.499999999999988,130.08333333333576
0,993,129.05555555555557,5580,3.472222222222221,130.9722222222246
0,994,121.41666666666669,5580,5.027777777777774,146.58333333333493
0,995,117.38888888888891,5580,3.888888888888886,127.94444444444699
0,996,100.36111111111116,5586,7.305555555555543,133.52777777778
0,997,111.38888888888891,5592,8.44444444444443,132.0277777777801
0,998,97.69444444444446,5604,3.805555555555554,139.44444444444645
0,999,111.69444444444446,5604,5.416666666666659,119.88888888889124
0,1000,101.72222222222227,5604,3.777777777777777,155.75000000000117
1,1,35.94444444444446,0,7.472222222222209,17.138888888888875
1,2,35.58333333333334,0,5.77777777777777,11.388888888888872
1,3,35.61111111111111,0,6.694444444444433,16.333333333333318
1,4,46.638888888888914,0,7.527777777777761,13.527777777777759
1,5,36.36111111111113,0,5.5555555555555465,14.749999999999973
1,6,37.861111111111114,0,8.44444444444443,13.444444444444432
1,7,34.66666666666667,0,10.749999999999984,14.111111111111093
1,8,37.66666666666668,0,2.9166666666666656,18.111111111111104
1,9,44.47222222222224,0,5.166666666666661,11.02777777777776
1,10,29.194444444444454,0,8.194444444444429,14.027777777777752
1,11,39.47222222222222,0,6.6666666666666545,19.55555555555556
1,12,39.08333333333332,0,8.499999999999986,18.83333333333332
1,13,41.55555555555555,0,5.666666666666658,16.08333333333331
1,14,41.44444444444444,0,6.944444444444433,16.472222222222207
1,15,36.33333333333336,0,10.361111111111095,10.05555555555554
1,16,33.69444444444444,0,8.527777777777763,17.583333333333318
1,17,32.77777777777777,0,9.499999999999982,13.416666666666647
1,18,38.88888888888889,0,6.027777777777768,11.416666666666643
1,19,32.19444444444446,0,8.58333333333332,15.222222222222204
1,20,38.000000000000014,0,10.444444444444427,15.13888888888887
1,21,33.66666666666667,0,8.638888888888872,12.083333333333316
1,22,45.555555555555564,0,4.861111111111105,14.805555555555536
1,23,31.555555555555564,0,15.333333333333309,19.222222222222218
1,24,38.44444444444445,0,9.333333333333314,20.583333333333343
1,25,37.16666666666666,0,12.388888888888872,16.41666666666665
1,26,37.38888888888889,0,6.2222222222222126,16.166666666666647
1,27,43.08333333333334,0,6.416666666666656,15.277777777777754
1,28,32.472222222222236,0,7.888888888888873,12.444444444444429
1,29,35.72222222222223,0,6.111111111111102,11.083333333333318
1,30,43.72222222222223,0,7.33333333333332,15.833333333333313
1,31,41.72222222222222,0,7.249999999999988,12.527777777777759
1,32,34.055555555555564,0,8.19444444444443,15.388888888888875
1,33,41.277777777777786,0,12.472222222222202,9.722222222222204
1,34,35.138888888888886,0,6.083333333333326,12.249999999999984
1,35,33.361111111111114,0,9.861111111111097,12.499999999999984
1,36,37.277777777777786,0,10.277777777777759,12.166666666666645
1,37,42.88888888888889,0,10.055555555555534,13.166666666666647
1,38,39.333333333333336,0,9.805555555555538,11.916666666666648
1,39,33.63888888888889,0,7.388888888888875,14.527777777777759
1,40,33.00000000000001,0,10.111111111111095,14.083333333333313
1,41,40.69444444444444,0,7.805555555555541,12.24999999999998
1,42,33.80555555555555,0,4.8333333333333295,13.38888888888887
1,43,38.19444444444446,0,11.083333333333318,10.333333333333313
1,44,41.722222222222236,0,6.416666666666656,16.472222222222204
1,45,30.333333333333336,0,9.694444444444429,13.999999999999982
1,46,37.77777777777778,0,6.416666666666655,16.388888888888868
1,47,32.41666666666667,0,5.388888888888882,19.972222222222243
1,48,38.25,0,7.999999999999985,13.111111111111088
1,49,36.111111111111114,0,8.30555555555554,11.02777777777776
1,50,36.138888888888886,0,8.611111111111097,16.05555555555554
1,51,27.36111111111111,0,5.166666666666661,13.833333333333318
1,52,40.41666666666667,0,10.99999999999998,14.805555555555534
1,53,41.527777777777786,0,10.69444444444443,14.638888888888875
1,54,39.61111111111112,0,8.833333333333316,14.611111111111093
1,55,36.44444444444446,0,10.222222222222204,15.666666666666643
1,56,40.05555555555555,0,8.472222222222207,14.555555555555532
1,57,40.277777777777786,0,9.638888888888873,18.19444444444442
1,58,36.638888888888886,0,8.30555555555554,12.083333333333316
1,59,40.52777777777778,0,9.555555555555538,16.499999999999982
1,60,38.111111111111114,0,10.916666666666654,15.777777777777763
1,61,39.55555555555557,0,10.88888888888887,15.555555555555534
1,62,43.00000000000001,0,9.972222222222205,12.777777777777757
1,63,34.388888888888886,0,10.583333333333314,9.749999999999982
1,64,35.88888888888889,0,9.55555555555554,20.66666666666667
1,65,41.333333333333336,78,8.305555555555543,16.33333333333331
1,66,41.55555555555555,78,5.99999999999999,17.527777777777768
1,67,35.75000000000001,78,13.416666666666645,14.472222222222198
1,68,38.66666666666667,162,20.94444444444445,8.388888888888875
1,69,34.00000000000001,168,9.6111111111111,16.38888888888887
1,70,51.027777777777786,168,23.47222222222223,15.222222222222204
1,71,53.27777777777778,204,26.055555555555564,12.999999999999979
1,72,52.63888888888888,348,18.027777777777757,18.833333333333325
1,73,41.75,378,15.805555555555552,19.97222222222222
1,74,46.83333333333336,378,19.027777777777782,16.722222222222214
1,75,43.11111111111111,378,22.111111111111125,8.194444444444429
1,76,54.16666666666666,390,19.38888888888891,15.666666666666645
1,77,57.527777777777786,390,28.13888888888893,15.249999999999979
1,78,51.972222222222236,390,23.388888888888886,10.666666666666647
1,79,53.16666666666668,390,27.888888888888925,19.11111111111111
1,80,50.36111111111112,390,19.22222222222222,19.916666666666668
1,81,73.36111111111116,390,24.472222222222218,15.777777777777755
1,82,62.13888888888891,390,28.000000000000007,10.999999999999982
1,83,70.36111111111116,426,34.30555555555563,13.99999999999998
1,84,74.63888888888889,426,19.69444444444443,14.416666666666645
1,85,67.63888888888891,426,25.38888888888886,10.888888888888875
1,86,67.63888888888889,426,31.277777777777647,11.36111111111109
1,87,67.8333333333333,426,24.91666666666665,10.55555555555554
1,88,61.000000000000014,426,22.8055555555555,15.61111111111109
1,89,59.41666666666666,450,18.972222222222225,20.694444444444464
1,90,77.11111111111109,498,24.8611111111111,20.111111111111114
1,91,57.05555555555554,498,23.277777777777782,10.222222222222205
1,92,47.94444444444443,498,16.58333333333335,18.47222222222221
1,93,59.19444444444443,498,34.6944444444445,9.416666666666652
1,94,70.19444444444441,498,17.472222222222232,16.916666666666654
1,95,61.083333333333336,498,20.777777777777775,16.416666666666654
1,96,64.05555555555556,522,28.611111111111,18.33333333333332
1,97,61.41666666666666,552,22.361111111111036,16.19444444444442
1,98,63.22222222222222,576,27.138888888888797,16.16666666666665
1,99,62.80555555555555,576,32.66666666666656,10.38888888888887
1,100,57.3333333333333,576,24.277777777777725,11.416666666666647
1,101,68.05555555555551,576,24.444444444444375,16.777777777777768
1,102,71.58333333333333,576,26.30555555555549,14.999999999999982
1,103,57.38888888888888,576,18.08333333333334,11.694444444444425
1,104,76.33333333333333,588,25.999999999999908,11.333333333333314
1,105,58.83333333333334,588,18.000000000000018,11.888888888888873
1,106,58.41666666666666,588,20.41666666666666,17.66666666666665
1,107,77.80555555555554,624,31.861111111111,11.972222222222209
1,108,64.13888888888889,630,30.61111111111105,13.472222222222207
1,109,67.47222222222221,630,35.500000000000036,17.277777777777757
1,110,72.08333333333333,636,23.166666666666636,16.555555555555543
1,111,62.91666666666667,726,32.333333333333364,12.166666666666645
1,112,70.27777777777779,726,25.58333333333335,19.22222222222223
1,113,80.66666666666666,726,41.52777777777808,16.416666666666647
1,114,64.83333333333333,726,30.111111111111107,10.916666666666648
1,115,78.66666666666664,726,42.47222222222255,10.05555555555554
1,116,73.33333333333333,726,39.55555555555578,20.33333333333333
1,117,77.44444444444446,726,28.58333333333335,20.083333333333343
1,118,81.77777777777777,726,35.80555555555565,9.194444444444425
1,119,66.69444444444447,726,37.19444444444462,16.222222222222204
1,120,75.99999999999997,726,38.2500000000002,13.02777777777776
1,121,73.27777777777781,726,23.666666666666654,18.694444444444443
1,122,85.38888888888886,726,40.52777777777806,13.083333333333314
1,123,73.75,726,35.694444444444564,8.77777777777776
1,124,71.61111111111113,726,39.00000000000025,9.694444444444432
1,125,74.44444444444444,726,36.500000000000135,16.2222222222222
1,126,75.58333333333334,726,35.30555555555567,12.44444444444443
1,127,83.3611111111111,726,44.94444444444482,9.694444444444427
1,128,68.30555555555554,726,37.055555555555756,15.305555555555538
1,129,69.52777777777777,726,50.111111111111676,10.138888888888875
1,130,61.66666666666667,726,40.805555555555834,14.166666666666654
1,131,70.8611111111111,726,46.472222222222676,11.166666666666654
1,132,81.36111111111111,726,51.972222222222804,9.499999999999984
1,133,83.77777777777777,744,44.13888888888927,9.333333333333316
1,134,78.3611111111111,744,37.00000000000023,12.722222222222205
1,135,79.08333333333337,804,40.361111111111384,8.55555555555554
1,136,87.77777777777783,828,38.33333333333352,9.999999999999982
1,137,72.61111111111111,918,52.083333333333925,10.694444444444423
1,138,75.72222222222223,918,43.38888888888924,8.527777777777763
1,139,94.27777777777773,924,35.27777777777785,16.249999999999982
1,140,75.72222222222223,924,42.94444444444485,16.555555555555536
1,141,72.08333333333333,924,36.16666666666683,20.000000000000018
1,142,84.08333333333331,954,40.30555555555581,24.27777777777781
1,143,92.27777777777781,960,37.44444444444461,27.250000000000032
1,144,95.19444444444441,972,36.55555555555567,32.94444444444454
1,145,76.72222222222221,984,30.249999999999996,29.47222222222229
1,146,92.50000000000003,990,45.47222222222259,31.416666666666757
1,147,130.6666666666667,990,48.72222222222274,57.38888888888952
1,148,148.86111111111117,990,43.75000000000036,68.33333333333425
1,149,168.0277777777778,996,33.72222222222231,75.0277777777789
1,150,141.47222222222223,996,34.416666666666714,70.44444444444542
1,151,117.3888888888889,996,40.52777777777803,84.80555555555692
1,152,131.27777777777777,996,40.91666666666692,72.61111111111215
1,153,130.05555555555554,996,41.33333333333362,83.91666666666802
1,154,148.75000000000003,996,30.944444444444454,73.25000000000107
1,155,133.27777777777783,1002,34.7500000000001,78.7500000000012
1,156,139.83333333333334,1002,42.91666666666699,79.027777777779
1,157,130.94444444444446,1002,39.27777777777799,90.52777777777928
1,158,113.80555555555553,1002,39.30555555555579,56.02777777777836
1,159,124.2777777777778,1002,37.361111111111335,53.08333333333384
1,160,101.33333333333329,1002,29.916666666666647,62.833333333334174
1,161,102.61111111111106,1002,45.222222222222584,52.694444444445
1,162,114.91666666666661,1002,35.58333333333347,42.25000000000026
1,163,113.11111111111113,1008,29.75000000000001,45.694444444444834
1,164,106.19444444444447,1008,31.611111111111125,56.36111111111176
1,165,94.02777777777776,1008,30.027777777777775,45.22222222222261
1,166,100.80555555555559,1008,40.666666666666934,49.19444444444488
1,167,101.52777777777779,1008,40.94444444444471,42.19444444444468
1,168,99.25,1008,42.94444444444481,44.77777777777809
1,169,105.88888888888889,1008,32.527777777777814,62.77777777777864
1,170,116.88888888888881,1014,40.722222222222506,51.33333333333383
1,171,110.30555555555559,1014,29.00000000000006,50.69444444444493
1,172,105.27777777777777,1014,38.61111111111129,53.30555555555614
1,173,88.9722222222222,1020,41.027777777778056,39.86111111111131
1,174,68.25,1020,30.000000000000036,54.36111111111166
1,175,93.08333333333336,1020,39.94444444444472,48.555555555555955
1,176,100.16666666666671,1038,29.916666666666675,71.69444444444542
1,177,117.47222222222221,1044,35.500000000000114,50.66666666666714
1,178,98.4166666666667,1044,34.13888888888903,58.61111111111182
1,179,119.99999999999999,1044,43.861111111111484,66.61111111111202
1,180,115.0,1044,36.555555555555756,67.3611111111121
1,181,107.8888888888889,1044,38.972222222222406,56.11111111111173
1,182,116.55555555555556,1044,40.722222222222506,56.77777777777842
1,183,96.25,1044,34.66666666666678,50.416666666667105
1,184,118.33333333333329,1050,44.00000000000035,59.02777777777849
1,185,110.41666666666666,1050,36.61111111111128,40.000000000000156
1,186,107.05555555555559,1062,38.444444444444635,58.194444444445125
1,187,113.36111111111109,1062,50.5555555555561,56.16666666666728
1,188,146.77777777777786,1062,43.16666666666703,70.30555555555657
1,189,139.69444444444443,1080,34.61111111111122,82.77777777777906
1,190,125.47222222222221,1080,42.47222222222258,53.361111111111626
1,191,155.7222222222223,1080,29.44444444444446,104.66666666666853
1,192,157.83333333333334,1080,29.472222222222285,88.94444444444589
1,193,140.22222222222223,1092,31.666666666666742,100.11111111111283
1,194,157.91666666666674,1098,38.00000000000019,85.25000000000135
1,195,145.6944444444445,1134,32.888888888888914,98.05555555555723
1,196,160.47222222222223,1134,42.63888888888924,79.16666666666788
1,197,124.6388888888889,1140,31.722222222222246,97.72222222222389
1,198,148.6111111111111,1146,37.583333333333485,90.72222222222369
1,199,126.44444444444444,1146,25.222222222222218,114.36111111111316
1,200,147.88888888888894,1146,37.3055555555557,104.88888888889073
1,201,166.16666666666666,1146,41.69444444444475,82.69444444444575
1,202,135.08333333333337,1152,34.36111111111117,78.91666666666785
1,203,147.30555555555563,1158,51.6111111111117,89.50000000000145
1,204,125.61111111111111,1158,32.4722222222223,89.19444444444588
1,205,135.72222222222223,1158,41.80555555555582,79.97222222222345
1,206,140.80555555555551,1158,38.72222222222241,95.83333333333495
1,207,139.3888888888889,1164,34.527777777777864,114.02777777777986
1,208,140.80555555555554,1176,33.69444444444451,105.19444444444633
1,209,130.16666666666669,1194,24.499999999999993,96.75000000000163
1,210,145.88888888888886,1194,33.277777777777814,83.61111111111241
1,211,132.75000000000003,1194,32.416666666666735,109.13888888889086
1,212,146.8055555555556,1212,30.08333333333338,90.88888888889038
1,213,156.91666666666677,1212,24.777777777777786,81.86111111111238
1,214,128.50000000000003,1212,43.38888888888921,78.50000000000118
1,215,108.66666666666663,1224,41.61111111111144,82.44444444444575
1,216,128.63888888888886,1224,49.00000000000049,76.83333333333448
1,217,150.94444444444446,1224,29.722222222222243,64.11111111111192
1,218,124.02777777777779,1224,31.833333333333393,99.63888888889062
1,219,126.38888888888887,1224,41.80555555555585,73.75000000000105
1,220,149.13888888888889,1248,35.388888888889014,96.36111111111273
1,221,139.74999999999997,1248,28.583333333333375,97.16666666666832
1,222,141.1111111111111,1248,31.69444444444444,100.86111111111283
1,223,129.80555555555557,1248,37.91666666666685,72.94444444444548
1,224,134.1944444444445,1272,43.30555555555587,90.83333333333483
1,225,131.41666666666663,1278,28.77777777777781,107.16666666666856
1,226,129.63888888888886,1290,36.194444444444606,81.80555555555682
1,227,132.3611111111111,1290,31.027777777777825,92.16666666666819
1,228,127.58333333333334,1290,33.97222222222233,93.08333333333489
1,229,156.83333333333337,1290,41.27777777777806,90.30555555555705
1,230,129.33333333333334,1290,47.27777777777825,68.47222222222315
1,231,131.55555555555554,1290,35.16666666666679,91.58333333333485
1,232,142.72222222222217,1296,39.083333333333584,92.61111111111265
1,233,143.83333333333334,1296,34.3611111111112,99.69444444444616
1,234,137.75000000000003,1296,39.75000000000024,90.8888888888904
1,235,145.91666666666674,1296,39.02777777777799,92.33333333333485
1,236,132.8888888888889,1296,28.500000000000014,105.38888888889075
1,237,143.80555555555554,1338,30.166666666666686,105.52777777777965
1,238,127.66666666666669,1344,37.36111111111128,89.88888888889035
1,239,144.97222222222217,1344,38.16666666666685,85.91666666666804
1,240,130.2777777777778,1344,31.166666666666696,77.80555555555672
1,241,155.02777777777783,1344,35.25000000000011,81.1944444444457
1,242,123.83333333333333,1350,46.91666666666711,73.72222222222328
1,243,147.80555555555557,1350,36.638888888889035,96.50000000000163
1,244,126.52777777777777,1404,33.777777777777885,70.13888888888985
1,245,142.9166666666667,1404,32.08333333333335,90.41666666666812
1,246,135.25000000000003,1410,42.166666666667005,77.0555555555567
1,247,134.86111111111114,1428,39.41666666666691,78.66666666666782
1,248,146.6944444444444,1428,33.11111111111125,103.52777777777956
1,249,131.25,1428,38.66666666666691,68.08333333333422
1,250,109.08333333333334,1428,38.3888888888891,79.63888888889008
1,251,128.22222222222223,1428,51.72222222222282,74.02777777777882
1,252,160.3055555555556,1428,45.722222222222626,72.19444444444545
1,253,112.19444444444447,1428,40.13888888888915,76.88888888889002
1,254,142.80555555555557,1428,40.61111111111138,67.77777777777868
1,255,129.61111111111111,1440,41.58333333333363,75.77777777777887
1,256,130.02777777777777,1440,34.00000000000006,87.02777777777914
1,257,150.0555555555556,1440,40.750000000000284,77.94444444444561
1,258,131.19444444444443,1440,37.1388888888891,104.16666666666848
1,259,144.11111111111111,1440,40.38888888888914,77.97222222222337
1,260,158.66666666666669,1440,30.972222222222218,109.33333333333522
1,261,140.75000000000003,1446,40.75000000000028,87.11111111111248
1,262,123.83333333333333,1452,34.0833333333334,106.55555555555742
1,263,142.72222222222226,1470,39.55555555555579,83.36111111111238
1,264,121.49999999999996,1470,49.61111111111162,83.66666666666794
1,265,129.08333333333331,1470,38.4166666666669,105.00000000000185
1,266,116.44444444444444,1482,33.638888888889,87.77777777777916
1,267,150.6944444444445,1488,30.13888888888888,97.52777777777943
1,268,146.52777777777774,1500,35.47222222222235,90.55555555555704
1,269,131.97222222222223,1524,42.61111111111145,83.02777777777905
1,270,132.52777777777777,1524,35.50000000000013,93.94444444444602
1,271,125.88888888888887,1524,33.8055555555556,98.97222222222389
1,272,132.1111111111111,1524,46.888888888889355,80.16666666666788
1,273,134.3333333333333,1524,34.416666666666764,89.27777777777922
1,274,136.8611111111111,1524,43.194444444444805,87.50000000000139
1,275,124.11111111111111,1524,34.02777777777785,81.25000000000122
1,276,130.69444444444443,1524,45.777777777778205,61.88888888888964
1,277,140.77777777777783,1524,36.166666666666835,106.66666666666849
1,278,162.61111111111106,1524,42.555555555555884,100.41666666666836
1,279,139.6388888888889,1524,27.472222222222268,113.19444444444648
1,280,149.30555555555557,1536,43.38888888888927,102.52777777777949
1,281,79.61111111111111,1548,46.38888888888931,56.50000000000059
1,282,100.38888888888891,1548,32.38888888888892,55.944444444445026
1,283,87.4722222222222,1548,25.44444444444445,56.33333333333392
1,284,103.4722222222222,1548,45.58333333333374,59.02777777777845
1,285,134.7222222222222,1548,36.805555555555735,98.22222222222378
1,286,124.75,1548,33.86111111111118,86.08333333333454
1,287,128.9444444444444,1548,29.722222222222292,83.72222222222327
1,288,120.33333333333337,1548,36.55555555555567,83.2777777777789
1,289,126.27777777777781,1548,37.50000000000015,96.91666666666822
1,290,126.66666666666667,1548,35.63888888888904,92.58333333333465
1,291,154.3888888888889,1554,34.527777777777885,94.6388888888905
1,292,134.13888888888894,1566,28.44444444444447,108.47222222222418
1,293,150.66666666666663,1566,30.222222222222243,108.33333333333526
1,294,149.27777777777777,1566,37.58333333333347,99.30555555555726
1,295,172.3888888888889,1590,29.555555555555557,118.13888888889109
1,296,147.66666666666669,1590,29.166666666666686,122.77777777778012
1,297,153.7777777777778,1590,41.55555555555588,88.44444444444588
1,298,157.27777777777786,1590,31.138888888888918,98.38888888889058
1,299,153.41666666666669,1590,34.111111111111214,104.44444444444629
1,300,170.63888888888894,1590,27.944444444444425,103.72222222222409
1,301,135.11111111111111,1602,29.361111111111114,122.63888888889117
1,302,154.38888888888897,1602,38.527777777778,101.33333333333509
1,303,160.50000000000009,1602,32.38888888888892,99.02777777777949
1,304,133.11111111111114,1608,37.472222222222385,106.94444444444636
1,305,144.9166666666667,1614,43.16666666666699,107.1666666666686
1,306,150.0277777777778,1614,49.416666666667204,87.91666666666808
1,307,144.08333333333337,1614,28.138888888888896,123.66666666666893
1,308,149.4444444444445,1614,33.75000000000009,120.36111111111317
1,309,139.77777777777783,1614,35.583333333333485,115.00000000000212
1,310,154.2222222222222,1614,34.08333333333345,127.30555555555799
1,311,150.3333333333334,1614,38.41666666666683,98.52777777777945
1,312,143.66666666666669,1614,35.19444444444454,107.41666666666859
1,313,154.47222222222226,1614,38.52777777777803,75.30555555555664
1,314,154.05555555555563,1614,27.52777777777778,121.22222222222452
1,315,160.72222222222226,1614,51.05555555555613,86.66666666666806
1,316,155.47222222222226,1614,34.7777777777779,116.22222222222433
1,317,164.08333333333337,1650,41.27777777777808,90.83333333333483
1,318,174.77777777777783,1656,36.83333333333351,97.22222222222388
1,319,154.8055555555556,1704,46.916666666667155,106.05555555555746
1,320,162.55555555555563,1704,37.277777777777985,102.33333333333515
1,321,131.02777777777774,1716,44.94444444444484,69.8055555555564
1,322,137.02777777777777,1716,29.666666666666686,107.08333333333488
1,323,143.97222222222214,1716,33.111111111111185,86.91666666666782
1,324,145.08333333333334,1716,42.91666666666704,91.61111111111244
1,325,131.3055555555556,1716,35.91666666666683,87.16666666666788
1,326,125.88888888888887,1716,38.166666666666906,81.50000000000104
1,327,133.97222222222223,1716,33.27777777777788,95.38888888889034
1,328,129.1944444444444,1740,32.13888888888893,62.19444444444521
1,329,128.3611111111111,1758,42.166666666667,81.63888888888997
1,330,115.86111111111109,1764,30.750000000000057,89.88888888889005
1,331,123.3888888888889,1764,34.61111111111121,82.11111111111218
1,332,114.63888888888889,1770,56.388888888889625,56.0000000000006
1,333,135.63888888888889,1770,31.555555555555625,75.91666666666768
1,334,137.58333333333334,1770,31.888888888888925,88.36111111111225
1,335,113.91666666666666,1770,37.44444444444464,90.27777777777919
1,336,144.38888888888886,1776,41.50000000000033,84.52777777777894
1,337,133.83333333333334,1776,42.861111111111484,91.02777777777898
1,338,148.75,1776,33.30555555555559,89.69444444444564
1,339,125.44444444444441,1776,36.69444444444464,77.4166666666677
1,340,131.16666666666666,1776,40.86111111111139,107.1111111111128
1,341,136.11111111111114,1776,37.5833333333335,82.8611111111122
1,342,117.88888888888886,1782,37.94444444444466,71.66666666666751
1,343,142.30555555555551,1782,49.77777777777827,72.0277777777787
1,344,144.5833333333333,1782,40.444444444444706,83.36111111111211
1,345,123.3055555555555,1782,30.83333333333338,80.52777777777882
1,346,132.44444444444443,1782,43.638888888889255,77.97222222222327
1,347,114.86111111111111,1782,49.555555555556076,79.13888888888998
1,348,116.8888888888889,1782,47.52777777777823,75.80555555555652
1,349,121.05555555555551,1782,31.444444444444496,99.22222222222359
1,350,143.0277777777778,1782,39.361111111111356,63.861111111111924
1,351,125.97222222222221,1782,42.472222222222555,76.77777777777877
1,352,131.52777777777774,1782,37.361111111111285,84.61111111111234
1,353,127.6111111111111,1782,31.88888888888887,90.83333333333469
1,354,126.72222222222226,1782,33.527777777777864,90.75000000000122
1,355,129.44444444444446,1782,44.44444444444481,90.25000000000134
1,356,143.9166666666667,1788,37.194444444444635,102.00000000000153
1,357,140.99999999999997,1794,41.27777777777807,99.13888888889038
1,358,125.80555555555554,1836,38.33333333333352,91.75000000000135
1,359,128.72222222222217,1854,32.08333333333338,92.30555555555678
1,360,139.4166666666667,1860,38.30555555555577,81.27777777777884
1,361,128.6111111111111,1860,25.52777777777779,111.72222222222393
1,362,131.19444444444434,1872,39.86111111111135,87.02777777777902
1,363,141.75000000000009,1872,42.30555555555591,91.44444444444584
1,364,131.3055555555556,1872,32.55555555555555,100.63888888889043
1,365,121.25000000000003,1872,32.44444444444449,80.44444444444568
1,366,148.2777777777778,1884,53.47222222222287,72.83333333333437
1,367,117.33333333333333,1884,35.80555555555568,78.00000000000118
1,368,142.86111111111117,1884,37.88888888888907,77.36111111111217
1,369,119.61111111111111,1890,39.36111111111131,79.94444444444554
1,370,143.69444444444443,1890,37.277777777777956,90.13888888889018
1,371,134.0277777777778,1890,41.36111111111144,79.25000000000102
1,372,148.38888888888894,1890,37.36111111111132,82.72222222222338
1,373,119.77777777777781,1890,47.083333333333805,86.86111111111228
1,374,124.52777777777774,1890,40.08333333333356,82.77777777777895
1,375,140.6388888888889,1890,38.75000000000024,86.02777777777908
1,376,147.83333333333337,1896,38.77777777777802,79.83333333333444
1,377,131.58333333333331,1896,35.80555555555567,83.91666666666795
1,378,131.25,1896,37.1666666666668,82.00000000000108
1,379,136.33333333333334,1896,47.50000000000048,77.69444444444554
1,380,128.91666666666666,1902,40.88888888888918,92.38888888889026
1,381,147.05555555555551,1914,34.38888888888897,93.41666666666805
1,382,143.13888888888886,1914,38.83333333333353,96.55555555555704
1,383,126.30555555555553,1914,43.02777777777813,79.88888888889012
1,384,124.49999999999997,1914,29.749999999999993,92.7500000000013
1,385,118.36111111111113,1920,48.61111111111159,96.80555555555699
1,386,127.36111111111109,1920,48.75000000000051,78.33333333333447
1,387,129.16666666666663,1920,39.52777777777803,66.3333333333342
1,388,151.19444444444449,1920,36.91666666666682,95.77777777777916
1,389,139.02777777777783,1920,45.69444444444486,91.05555555555695
1,390,123.19444444444443,1920,41.361111111111434,59.166666666667396
1,391,134.97222222222217,1920,24.16666666666667,100.00000000000162
1,392,141.19444444444446,1920,34.666666666666785,94.9166666666681
1,393,142.05555555555551,1920,31.722222222222264,100.97222222222369
1,394,141.55555555555557,1932,39.52777777777801,89.05555555555684
1,395,145.1944444444444,1938,35.555555555555685,100.36111111111272
1,396,134.66666666666669,1962,31.027777777777764,90.97222222222352
1,397,129.2222222222222,1974,37.333333333333535,90.86111111111249
1,398,127.66666666666669,1980,44.194444444444805,82.2500000000012
1,399,151.30555555555551,1980,38.91666666666689,91.16666666666804
1,400,149.41666666666663,1980,40.611111111111406,93.7222222222236
1,401,136.08333333333331,1980,42.11111111111144,92.52777777777919
1,402,145.41666666666663,1980,28.000000000000014,108.19444444444612
1,403,148.8888888888888,1980,40.55555555555585,74.44444444444548
1,404,128.5,1980,32.44444444444446,86.25000000000118
1,405,139.80555555555557,1980,30.944444444444468,96.3611111111126
1,406,149.33333333333334,1980,37.27777777777798,83.05555555555674
1,407,149.05555555555563,1980,40.00000000000026,64.91666666666754
1,408,142.63888888888889,1980,32.00000000000004,103.75000000000172
1,409,145.3333333333333,1980,28.722222222222225,105.33333333333498
1,410,128.24999999999997,1980,32.166666666666714,90.0555555555568
1,411,132.83333333333334,1992,36.94444444444465,71.44444444444544
1,412,145.38888888888889,2004,45.83333333333375,88.63888888889026
1,413,149.72222222222217,2028,39.55555555555579,92.08333333333468
1,414,136.66666666666663,2028,41.55555555555585,84.58333333333466
1,415,134.11111111111106,2028,32.277777777777786,94.5833333333348
1,416,146.63888888888889,2034,32.833333333333464,103.86111111111235
1,417,135.83333333333331,2034,37.33333333333354,86.8333333333344
1,418,148.91666666666666,2034,34.527777777777864,93.69444444444568
1,419,147.44444444444449,2034,41.27777777777807,80.55555555555668
1,420,138.9444444444444,2040,34.41666666666679,98.83333333333461
1,421,134.4166666666667,2052,27.97222222222224,93.7500000000012
1,422,141.30555555555557,2082,43.58333333333365,77.47222222222315
1,423,132.38888888888894,2082,36.19444444444458,70.11111111111204
1,424,131.27777777777774,2088,38.11111111111128,99.5833333333347
1,425,155.69444444444443,2094,40.47222222222248,81.27777777777877
1,426,119.75000000000004,2106,48.02777777777827,67.44444444444531
1,427,120.97222222222224,2112,41.27777777777806,81.7222222222233
1,428,154.08333333333331,2112,36.833333333333485,95.91666666666792
1,429,139.30555555555551,2112,33.19444444444452,101.19444444444578
1,430,144.61111111111114,2118,39.361111111111335,66.6944444444453
1,431,126.38888888888887,2118,43.472222222222584,86.25000000000095
1,432,142.27777777777774,2124,26.91666666666668,99.7500000000013
1,433,141.5555555555555,2124,42.33333333333364,77.00000000000105
1,434,143.44444444444443,2124,39.83333333333358,82.5555555555566
1,435,149.99999999999997,2130,34.83333333333346,87.25000000000124
1,436,151.0277777777778,2136,40.88888888888914,92.19444444444568
1,437,144.13888888888897,2136,38.55555555555577,84.44444444444542
1,438,166.0555555555556,2142,38.94444444444465,90.55555555555675
1,439,155.9444444444445,2142,31.777777777777786,101.38888888889039
1,440,147.38888888888886,2142,46.08333333333378,70.83333333333418
1,441,145.72222222222223,2142,32.61111111111114,79.41666666666761
1,442,140.11111111111114,2142,38.19444444444468,73.77777777777865
1,443,145.0,2142,34.52777777777784,84.22222222222327
1,444,155.55555555555566,2142,26.194444444444454,107.00000000000152
1,445,136.86111111111117,2142,44.91666666666707,81.52777777777882
1,446,147.27777777777771,2154,34.000000000000064,78.05555555555665
1,447,162.7222222222223,2178,41.50000000000028,87.0833333333345
1,448,130.22222222222223,2178,38.333333333333535,75.30555555555648
1,449,134.0,2178,39.30555555555579,74.19444444444545
1,450,143.75000000000003,2178,34.66666666666674,98.22222222222352
1,451,143.69444444444443,2178,37.861111111111306,84.08333333333435
1,452,129.66666666666663,2178,31.416666666666753,89.86111111111215
1,453,141.86111111111114,2184,38.08333333333352,89.1388888888902
1,454,152.41666666666666,2184,43.41666666666701,79.50000000000108
1,455,155.611111111111,2184,25.027777777777764,93.63888888889022
1,456,135.91666666666666,2184,30.833333333333382,83.97222222222322
1,457,139.24999999999997,2184,36.222222222222356,91.11111111111232
1,458,153.61111111111111,2184,24.250000000000014,100.19444444444574
1,459,137.61111111111114,2202,29.66666666666668,106.22222222222413
1,460,153.88888888888886,2208,46.416666666667155,80.88888888889014
1,461,164.22222222222223,2208,35.611111111111285,110.86111111111317
1,462,171.08333333333337,2208,46.58333333333376,100.00000000000172
1,463,177.11111111111114,2208,43.91666666666703,83.05555555555688
1,464,152.00000000000003,2208,31.86111111111117,125.02777777778016
1,465,145.8611111111111,2208,28.194444444444496,115.44444444444657
1,466,162.49999999999994,2208,24.750000000000018,121.97222222222457
1,467,155.00000000000006,2208,27.444444444444446,109.94444444444648
1,468,162.77777777777789,2208,47.638888888889355,100.25000000000175
1,469,130.94444444444446,2208,37.72222222222242,111.61111111111317
1,470,147.08333333333334,2208,39.83333333333357,114.27777777777989
1,471,179.0555555555556,2208,32.138888888888935,116.55555555555773
1,472,160.11111111111111,2208,34.72222222222232,95.6388888888905
1,473,146.83333333333334,2208,39.55555555555576,96.27777777777943
1,474,162.83333333333337,2208,29.47222222222222,125.6388888888913
1,475,138.6388888888889,2208,29.083333333333336,111.9444444444465
1,476,156.02777777777777,2208,42.47222222222251,109.500000000002
1,477,159.22222222222226,2208,32.97222222222231,106.83333333333526
1,478,156.72222222222226,2208,29.416666666666664,112.41666666666873
1,479,157.11111111111114,2208,25.666666666666664,132.05555555555813
1,480,179.1111111111111,2208,28.58333333333337,114.77777777777989
1,481,158.86111111111117,2214,41.11111111111137,97.13888888889058
1,482,165.9444444444445,2238,45.61111111111151,101.8888888888907
1,483,191.5833333333333,2244,38.83333333333357,111.1666666666687
1,484,171.36111111111106,2244,36.75000000000014,97.16666666666832
1,485,170.69444444444446,2244,31.138888888888943,110.05555555555755
1,486,178.80555555555566,2250,35.52777777777791,103.86111111111292
1,487,145.77777777777777,2292,35.44444444444456,122.22222222222453
1,488,154.58333333333331,2292,36.77777777777793,102.11111111111289
1,489,141.49999999999997,2292,41.916666666667,105.25000000000188
1,490,147.47222222222226,2292,37.77777777777798,96.3055555555572
1,491,152.66666666666663,2298,34.41666666666677,113.80555555555765
1,492,141.05555555555557,2298,31.138888888888946,113.91666666666879
1,493,145.16666666666674,2304,46.50000000000043,107.97222222222418
1,494,155.86111111111114,2310,36.52777777777789,79.4166666666679
1,495,178.02777777777783,2310,39.277777777778006,114.69444444444657
1,496,182.8611111111112,2316,39.00000000000017,110.58333333333535
1,497,167.69444444444443,2316,35.361111111111235,108.9722222222242
1,498,155.19444444444449,2340,36.69444444444458,107.33333333333526
1,499,160.47222222222223,2340,35.5555555555557,118.02777777777996
1,500,173.16666666666669,2340,37.02777777777794,93.16666666666825
1,501,168.02777777777786,2358,36.861111111111306,108.44444444444642
1,502,173.4166666666667,2358,40.25000000000026,118.83333333333555
1,503,162.6666666666667,2370,36.83333333333347,123.33333333333569
1,504,166.50000000000003,2370,32.75000000000004,100.61111111111288
1,505,162.16666666666669,2376,29.833333333333375,102.83333333333515
1,506,160.91666666666674,2376,42.416666666666984,108.08333333333529
1,507,144.7777777777778,2376,39.00000000000022,113.19444444444655
1,508,169.88888888888889,2382,30.47222222222222,128.91666666666916
1,509,140.22222222222226,2382,41.19444444444477,99.9166666666684
1,510,159.33333333333331,2382,39.66666666666687,121.11111111111339
1,511,160.44444444444449,2382,38.4166666666669,105.75000000000189
1,512,156.5277777777778,2382,34.972222222222314,88.83333333333478
1,513,153.6666666666667,2382,41.694444444444756,123.94444444444683
1,514,163.11111111111117,2382,27.638888888888893,124.02777777778016
1,515,194.58333333333331,2394,33.50000000000008,134.00000000000261
1,516,166.63888888888883,2394,44.58333333333371,101.69444444444623
1,517,167.6388888888889,2394,21.5,146.63888888889187
1,518,162.5000000000001,2400,31.305555555555603,106.75000000000195
1,519,152.33333333333337,2406,34.00000000000004,111.33333333333536
1,520,169.0277777777778,2412,30.472222222222232,103.66666666666849
1,521,161.19444444444457,2418,39.833333333333556,110.47222222222425
1,522,149.5,2418,43.55555555555593,91.88888888889042
1,523,168.55555555555557,2418,44.472222222222626,111.58333333333537
1,524,161.38888888888894,2418,31.833333333333353,116.61111111111327
1,525,190.50000000000006,2418,35.083333333333435,118.80555555555776
1,526,184.88888888888897,2430,31.194444444444464,131.16666666666924
1,527,152.6388888888889,2436,34.77777777777789,108.33333333333529
1,528,157.1944444444445,2436,42.916666666667034,117.44444444444666
1,529,165.47222222222226,2442,28.361111111111118,127.05555555555799
1,530,160.00000000000009,2442,45.44444444444486,84.08333333333465
1,531,169.75000000000006,2442,38.11111111111133,108.97222222222419
1,532,153.69444444444443,2448,32.361111111111164,131.2222222222248
1,533,158.22222222222229,2454,43.41666666666704,100.41666666666842
1,534,150.6388888888889,2454,36.63888888888905,82.80555555555684
1,535,161.77777777777777,2460,40.3333333333336,113.38888888889099
1,536,171.27777777777783,2484,31.916666666666718,114.66666666666882
1,537,152.4722222222223,2484,36.194444444444564,114.4166666666688
1,538,165.8055555555556,2490,32.666666666666735,97.61111111111278
1,539,175.25000000000006,2490,37.11111111111126,123.16666666666903
1,540,164.8333333333334,2490,31.611111111111107,123.55555555555789
1,541,156.8333333333334,2490,23.944444444444468,142.02777777778059
1,542,150.75000000000006,2490,34.94444444444459,103.25000000000185
1,543,171.3333333333334,2490,39.00000000000025,114.22222222222435
1,544,173.02777777777783,2490,39.527777777778,102.88888888889072
1,545,176.1666666666667,2490,28.38888888888895,115.72222222222437
1,546,185.44444444444446,2490,33.94444444444457,128.58333333333584
1,547,153.50000000000006,2508,45.055555555555934,106.86111111111303
1,548,178.2222222222222,2508,40.111111111111356,134.9166666666693
1,549,145.91666666666669,2514,40.722222222222456,105.33333333333522
1,550,179.66666666666677,2520,29.916666666666718,115.94444444444657
1,551,149.49999999999997,2520,34.88888888888903,110.7777777777798
1,552,166.30555555555563,2526,35.11111111111119,118.55555555555779
1,553,152.61111111111111,2532,30.33333333333337,120.88888888889119
1,554,161.0,2532,26.722222222222243,115.88888888889105
1,555,174.1111111111112,2538,33.36111111111117,117.80555555555776
1,556,155.91666666666669,2538,50.500000000000554,96.5555555555572
1,557,175.0,2538,39.555555555555785,106.05555555555742
1,558,159.11111111111114,2544,34.888888888888985,104.58333333333519
1,559,146.25,2556,40.972222222222484,106.36111111111299
1,560,149.13888888888894,2556,29.75000000000002,112.11111111111316
1,561,180.138888888889,2556,29.63888888888892,116.02777777777997
1,562,164.8611111111111,2580,42.05555555555586,121.11111111111343
1,563,160.8055555555556,2580,35.69444444444458,122.58333333333563
1,564,160.13888888888894,2580,33.19444444444451,111.33333333333537
1,565,137.0555555555556,2580,33.83333333333341,119.75000000000226
1,566,173.6944444444445,2580,39.527777777778034,107.02777777777969
1,567,157.72222222222229,2580,37.805555555555756,124.08333333333569
1,568,167.97222222222226,2586,43.16666666666703,103.2777777777796
1,569,164.58333333333331,2598,31.055555555555557,118.88888888889113
1,570,171.25000000000003,2598,37.52777777777795,116.63888888889109
1,571,173.80555555555554,2598,37.33333333333349,113.16666666666875
1,572,179.52777777777774,2622,33.63888888888897,122.97222222222457
1,573,168.52777777777786,2622,35.916666666666785,93.41666666666825
1,574,175.5277777777778,2622,42.25000000000029,93.86111111111269
1,575,148.6388888888889,2622,34.66666666666679,125.94444444444686
1,576,181.2222222222223,2628,32.7777777777778,118.61111111111335
1,577,157.0555555555556,2628,27.69444444444447,138.77777777778056
1,578,158.25,2634,35.86111111111127,105.02777777777965
1,579,157.52777777777774,2634,37.52777777777799,108.19444444444642
1,580,175.86111111111111,2634,30.861111111111175,119.9444444444467
1,581,177.47222222222217,2634,40.666666666666956,111.30555555555756
1,582,170.00000000000003,2634,37.916666666666835,104.72222222222408
1,583,178.0833333333334,2634,38.77777777777797,119.52777777778
1,584,165.24999999999994,2646,37.388888888889106,93.66666666666823
1,585,172.13888888888894,2652,37.083333333333535,101.02777777777953
1,586,151.27777777777777,2664,30.22222222222224,126.19444444444689
1,587,164.91666666666666,2664,30.499999999999996,114.47222222222433
1,588,162.33333333333334,2664,34.666666666666764,121.80555555555786
1,589,163.30555555555563,2676,31.166666666666696,130.86111111111367
1,590,188.47222222222229,2688,32.888888888888935,126.58333333333576
1,591,162.6388888888889,2694,39.055555555555756,112.44444444444653
1,592,162.55555555555566,2694,46.36111111111153,108.63888888889086
1,593,154.30555555555557,2706,46.638888888889326,95.66666666666832
1,594,149.63888888888889,2706,36.11111111111128,114.2500000000021
1,595,158.38888888888894,2706,37.916666666666856,116.86111111111327
1,596,192.9444444444444,2706,47.555555555556005,104.66666666666853
1,597,167.27777777777786,2706,48.00000000000048,96.63888888889052
1,598,163.86111111111114,2718,43.00000000000034,112.22222222222427
1,599,152.55555555555554,2718,28.00000000000003,116.66666666666882
1,600,168.83333333333334,2718,42.36111111111141,108.08333333333529
1,601,168.1666666666667,2718,40.361111111111384,105.41666666666855
1,602,147.13888888888894,2718,30.666666666666714,104.11111111111296
1,603,167.27777777777783,2730,37.69444444444464,102.27777777777958
1,604,181.8333333333334,2730,30.861111111111125,114.50000000000212
1,605,169.3888888888889,2730,39.11111111111131,119.33333333333557
1,606,164.36111111111117,2730,35.27777777777787,121.91666666666896
1,607,164.55555555555554,2754,42.75000000000034,81.63888888889016
1,608,171.69444444444449,2754,42.41666666666703,101.55555555555733
1,609,168.08333333333337,2754,41.02777777777807,112.86111111111322
1,610,156.25000000000003,2760,38.47222222222241,120.77777777778007
1,611,163.61111111111117,2766,34.30555555555564,111.13888888889095
1,612,157.05555555555557,2772,40.583333333333606,113.50000000000209
1,613,178.77777777777794,2772,39.138888888889156,99.97222222222396
1,614,174.13888888888894,2772,36.11111111111128,108.05555555555748
1,615,170.22222222222226,2778,39.277777777778006,114.52777777777992
1,616,182.38888888888894,2778,26.55555555555556,124.19444444444679
1,617,151.69444444444449,2790,30.055555555555575,130.47222222222476
1,618,148.08333333333331,2790,41.08333333333362,87.55555555555696
1,619,151.88888888888894,2802,29.583333333333336,124.08333333333569
1,620,176.30555555555557,2802,44.305555555555934,101.972222222224
1,621,155.38888888888886,2802,38.555555555555806,103.86111111111298
1,622,156.86111111111114,2808,29.611111111111143,113.13888888889097
1,623,161.2222222222222,2814,29.749999999999996,118.58333333333557
1,624,166.1388888888889,2814,40.25000000000025,102.36111111111292
1,625,163.63888888888897,2814,32.250000000000036,114.36111111111322
1,626,178.6944444444445,2814,45.41666666666705,96.58333333333498
1,627,204.11111111111111,2814,36.72222222222236,89.19444444444592
1,628,162.86111111111117,2814,32.33333333333337,115.25000000000213
1,629,158.30555555555551,2814,40.58333333333362,108.02777777777972
1,630,166.61111111111114,2820,51.80555555555613,122.33333333333567
1,631,174.8333333333334,3462,46.750000000000405,115.16666666666877
1,632,165.33333333333334,4320,34.416666666666735,133.1111111111137
1,633,160.50000000000003,4320,41.41666666666694,125.33333333333572
1,634,174.83333333333331,4320,28.80555555555557,138.44444444444719
1,635,170.02777777777774,4440,34.61111111111118,132.6388888888915
1,636,203.1666666666668,4440,49.472222222222754,126.22222222222466
1,637,187.72222222222226,4950,43.00000000000033,99.75000000000175
1,638,173.77777777777786,4950,35.138888888888985,118.44444444444665
1,639,176.97222222222223,5364,36.333333333333435,112.00000000000207
1,640,162.27777777777786,5370,46.80555555555595,113.11111111111319
1,641,161.25000000000006,5370,49.083333333333826,113.75000000000209
1,642,157.8611111111112,5988,49.8888888888894,123.8333333333357
1,643,153.94444444444443,6492,51.97222222222277,106.88888888889079
1,644,175.33333333333337,6642,41.305555555555806,124.27777777778013
1,645,197.1666666666667,6648,39.1111111111113,122.19444444444677
1,646,164.27777777777777,6666,43.50000000000032,110.33333333333532
1,647,169.7777777777778,6666,60.02777777777857,82.97222222222352
1,648,157.11111111111111,6666,55.666666666667325,104.38888888889073
1,649,173.6388888888889,6936,54.38888888888951,95.11111111111272
1,650,163.25000000000009,6936,42.94444444444475,135.41666666666936
1,651,162.36111111111114,6936,44.33333333333368,119.63888888889112
1,652,167.05555555555551,6936,59.38888888888965,98.44444444444616
1,653,169.88888888888894,6936,54.75000000000063,99.61111111111285
1,654,179.66666666666669,6960,56.83333333333403,98.61111111111285
1,655,198.02777777777786,6978,37.27777777777793,123.8333333333357
1,656,159.9444444444445,7338,62.527777777778674,102.55555555555738
1,657,149.36111111111111,7614,51.527777777778354,117.08333333333552
1,658,167.94444444444449,7818,51.25000000000057,128.19444444444693
1,659,173.77777777777786,7830,51.19444444444502,113.69444444444653
1,660,175.25,8040,66.0000000000009,80.16666666666791
1,661,163.7500000000001,8040,61.05555555555638,110.22222222222423
1,662,164.91666666666663,8040,42.555555555555856,108.33333333333529
1,663,189.19444444444443,8046,44.11111111111144,123.27777777778012
1,664,166.11111111111111,8058,53.02777777777836,94.1388888888905
1,665,151.38888888888889,8076,55.22222222222287,113.16666666666875
1,666,176.8055555555556,8076,61.69444444444528,100.33333333333512
1,667,166.25000000000006,8076,55.50000000000065,110.66666666666869
1,668,186.6944444444445,8082,50.05555555555604,108.80555555555752
1,669,183.11111111111114,8094,45.8611111111115,107.63888888889085
1,670,187.0555555555556,8106,61.77777777777861,101.05555555555735
1,671,179.47222222222229,8106,53.361111111111704,121.69444444444675
1,672,166.97222222222223,8118,38.805555555555735,121.27777777778005
1,673,166.16666666666663,8118,65.47222222222312,95.41666666666829
1,674,183.91666666666669,8118,48.97222222222268,114.69444444444657
1,675,163.8888888888889,8130,53.91666666666727,112.38888888889095
1,676,186.05555555555554,8142,52.111111111111676,114.86111111111325
1,677,197.16666666666669,8184,51.83333333333387,112.11111111111317
1,678,170.33333333333343,8208,52.305555555556126,115.47222222222436
1,679,165.55555555555557,8208,42.694444444444734,137.63888888889161
1,680,163.66666666666666,8208,66.33333333333422,92.08333333333488
1,681,174.3333333333334,8214,43.44444444444476,134.91666666666927
1,682,163.44444444444446,8238,50.11111111111161,129.30555555555804
1,683,210.7222222222223,8244,75.750000000001,102.05555555555739
1,684,176.9166666666667,8250,69.08333333333427,101.69444444444622
1,685,173.7222222222223,8250,57.222222222222904,121.88888888889119
1,686,201.66666666666674,8262,65.72222222222311,113.19444444444655
1,687,182.8333333333334,8268,55.361111111111704,118.52777777777999
1,688,202.74999999999994,8268,85.58333333333451,94.3888888888905
1,689,199.11111111111117,8268,62.38888888888971,129.16666666666916
1,690,170.77777777777783,8280,75.02777777777872,83.50000000000132
1,691,182.58333333333343,8304,74.41666666666755,94.2222222222238
1,692,222.38888888888889,8484,104.50000000000179,100.30555555555732
1,693,206.36111111111114,8490,70.25000000000098,115.22222222222437
1,694,214.36111111111114,8502,85.41666666666804,118.4166666666689
1,695,218.80555555555557,8502,84.13888888889021,134.9166666666693
1,696,220.86111111111111,8508,76.63888888889004,122.97222222222454
1,697,191.44444444444449,8520,89.055555555557,115.13888888889103
1,698,217.75,8538,83.30555555555686,107.08333333333526
1,699,208.6388888888889,8556,74.94444444444552,104.69444444444629
1,700,232.22222222222226,8568,87.6388888888903,115.05555555555773
1,701,220.38888888888903,8580,90.02777777777926,125.22222222222463
1,702,229.83333333333337,8580,78.19444444444562,117.6388888888911
1,703,205.36111111111117,8580,64.69444444444528,138.61111111111387
1,704,218.94444444444437,8592,69.1944444444454,141.4166666666695
1,705,205.27777777777789,8592,96.80555555555719,93.2500000000016
1,706,213.5555555555556,8604,72.88888888888994,140.38888888889167
1,707,190.3888888888889,8610,78.00000000000117,122.08333333333567
1,708,199.77777777777783,8616,91.19444444444596,100.19444444444618
1,709,230.25000000000009,8622,110.36111111111313,99.00000000000172
1,710,205.638888888889,8622,72.41666666666771,131.00000000000256
1,711,210.61111111111117,8622,96.13888888889052,104.22222222222408
1,712,213.8333333333334,8622,111.05555555555758,100.77777777777953
1,713,210.19444444444454,8658,101.41666666666843,104.30555555555742
1,714,207.41666666666669,8700,78.13888888889007,116.86111111111327
1,715,190.88888888888894,8706,89.50000000000148,122.25000000000233
1,716,205.58333333333346,8724,97.66666666666833,104.13888888889076
1,717,231.1111111111111,8748,65.75000000000087,126.38888888889133
1,718,220.97222222222226,8754,82.8888888888902,113.16666666666877
1,719,225.38888888888906,8754,85.63888888889026,117.1388888888911
1,720,208.16666666666683,8754,84.63888888889022,107.86111111111305
1,721,215.97222222222226,8754,69.16666666666762,116.3055555555577
1,722,214.94444444444449,8766,93.694444444446,103.72222222222406
1,723,229.05555555555557,8766,70.33333333333432,117.00000000000219
1,724,216.19444444444446,8772,71.50000000000101,120.11111111111336
1,725,220.05555555555563,8772,84.55555555555691,101.00000000000176
1,726,230.16666666666663,8772,85.25000000000136,118.69444444444667
1,727,209.44444444444446,8772,88.305555555557,101.77777777777956
1,728,209.22222222222223,8772,91.02777777777929,120.00000000000229
1,729,220.63888888888897,8772,78.44444444444562,120.36111111111342
1,730,224.5833333333334,8784,78.80555555555675,133.58333333333593
1,731,240.52777777777777,8790,81.80555555555681,111.61111111111317
1,732,210.36111111111117,8790,96.22222222222386,127.41666666666912
1,733,221.33333333333343,8796,86.30555555555694,98.00000000000169
1,734,234.24999999999994,8802,80.91666666666792,119.16666666666892
1,735,240.5555555555556,8802,79.19444444444565,127.44444444444689
1,736,229.63888888888894,8808,72.52777777777882,141.86111111111396
1,737,204.38888888888889,8808,82.47222222222352,114.33333333333546
1,738,209.91666666666669,8808,73.11111111111215,120.22222222222452
1,739,220.4444444444444,8808,100.91666666666843,89.97222222222372
1,740,210.44444444444443,8808,86.97222222222364,107.08333333333523
1,741,250.25000000000009,8892,86.27777777777916,114.19444444444656
1,742,211.94444444444454,8898,91.33333333333485,93.25000000000156
1,743,220.47222222222234,8898,77.11111111111227,116.25000000000216
1,744,216.24999999999997,8898,82.16666666666795,112.91666666666873
1,745,205.05555555555554,8898,87.02777777777918,122.72222222222457
1,746,229.86111111111114,8898,69.63888888888985,128.52777777778024
1,747,228.77777777777783,8898,99.1388888888906,101.88888888889066
1,748,222.33333333333337,8898,100.6944444444462,102.6388888888907
1,749,193.41666666666669,8898,93.00000000000156,117.02777777777997
1,750,222.5555555555556,8898,99.75000000000173,113.05555555555766
1,751,203.19444444444443,8898,93.80555555555713,108.00000000000198
1,752,212.8611111111112,8898,88.22222222222366,86.77777777777916
1,753,222.19444444444449,8898,107.75000000000192,82.86111111111241
1,754,199.41666666666657,8898,79.80555555555678,111.63888888889093
1,755,233.44444444444454,8898,88.6666666666681,124.55555555555793
1,756,201.50000000000003,8898,92.66666666666822,106.30555555555746
1,757,220.47222222222223,8898,93.47222222222379,122.50000000000233
1,758,238.44444444444449,8898,115.97222222222437,95.80555555555719
1,759,236.27777777777786,8898,80.44444444444566,118.75000000000225
1,760,210.11111111111111,8898,90.44444444444594,97.69444444444613
1,761,202.24999999999997,8898,84.08333333333466,115.22222222222436
1,762,210.22222222222226,8898,108.8333333333353,75.55555555555667
1,763,189.16666666666669,8904,121.6111111111134,90.52777777777929
1,764,223.0,8904,84.47222222222355,104.69444444444632
1,765,218.11111111111117,8946,85.05555555555691,100.61111111111288
1,766,208.05555555555563,8946,114.16666666666876,90.69444444444596
1,767,217.22222222222226,8958,92.22222222222376,103.38888888889073
1,768,218.86111111111114,8964,109.66666666666866,104.38888888889076
1,769,230.77777777777766,8976,101.83333333333512,88.83333333333478
1,770,230.66666666666669,8982,109.19444444444643,95.66666666666832
1,771,225.63888888888889,8988,84.75000000000135,131.05555555555813
1,772,207.55555555555566,8988,94.38888888889048,104.02777777777963
1,773,209.83333333333337,8988,90.7500000000015,93.6111111111127
1,774,232.75,8988,106.61111111111303,97.05555555555722
1,775,236.38888888888894,9036,112.38888888889095,92.8333333333349
1,776,228.38888888888889,9036,100.2777777777795,97.00000000000169
1,777,230.91666666666674,9036,92.38888888889045,111.38888888889093
1,778,214.47222222222229,9036,79.80555555555677,126.33333333333579
1,779,222.6944444444446,9042,94.94444444444606,102.97222222222403
1,780,237.2777777777778,9048,82.16666666666795,99.83333333333506
1,781,200.77777777777783,9048,103.47222222222406,99.58333333333506
1,782,244.05555555555566,9048,104.50000000000186,100.72222222222398
1,783,230.47222222222237,9048,101.50000000000178,96.0555555555572
1,784,223.19444444444449,9054,94.19444444444602,111.08333333333539
1,785,220.86111111111111,9054,107.38888888889082,87.72222222222365
1,786,218.44444444444446,9066,90.02777777777926,118.86111111111333
1,787,227.66666666666677,9072,93.05555555555712,99.94444444444618
1,788,230.52777777777777,9072,95.08333333333493,99.0555555555573
1,789,227.86111111111114,9072,98.05555555555725,113.02777777777986
1,790,229.05555555555557,9072,94.00000000000158,108.50000000000195
1,791,206.83333333333331,9072,100.75000000000175,108.13888888889085
1,792,223.6666666666666,9072,108.88888888889086,96.61111111111276
1,793,216.8333333333334,9072,93.22222222222379,108.63888888889086
1,794,239.0555555555556,9072,89.80555555555705,106.88888888889082
1,795,217.0277777777778,9072,98.33333333333503,109.91666666666865
1,796,219.86111111111114,9072,102.6388888888907,104.97222222222412
1,797,215.38888888888894,9072,109.41666666666865,97.7222222222239
1,798,231.72222222222226,9078,112.63888888889095,89.7500000000015
1,799,223.00000000000003,9078,92.27777777777932,108.6111111111131
1,800,202.8333333333334,9078,125.02777777778014,78.33333333333452
1,801,201.3888888888889,9078,93.0833333333349,106.80555555555748
1,802,223.69444444444449,9090,95.16666666666828,96.47222222222388
1,803,235.3611111111111,9090,102.3611111111129,88.13888888889034
1,804,223.50000000000006,9096,108.27777777777973,107.86111111111308
1,805,224.55555555555557,9096,111.9166666666687,101.66666666666845
1,806,208.38888888888903,9096,86.6111111111125,115.97222222222439
1,807,232.3333333333334,9102,97.38888888889056,124.63888888889126
1,808,219.8333333333334,9102,88.41666666666812,109.41666666666866
1,809,230.00000000000006,9114,95.38888888889052,106.52777777777968
1,810,197.25000000000006,9114,104.77777777777963,77.00000000000115
1,811,223.13888888888897,9120,69.9722222222232,118.69444444444665
1,812,216.08333333333331,9126,78.77777777777898,121.72222222222457
1,813,221.0277777777778,9126,121.36111111111339,93.77777777777936
1,814,225.77777777777789,9126,102.94444444444628,98.86111111111282
1,815,223.63888888888894,9138,100.77777777777953,108.8333333333353
1,816,187.30555555555563,9156,109.02777777777973,96.72222222222389
1,817,237.77777777777774,9156,106.47222222222415,95.33333333333496
1,818,211.11111111111106,9162,106.27777777777968,107.3055555555575
1,819,207.27777777777794,9168,103.47222222222405,102.63888888889072
1,820,241.75000000000009,9168,85.77777777777915,113.38888888889099
1,821,227.91666666666666,9168,66.61111111111201,113.19444444444653
1,822,211.02777777777783,9168,91.47222222222376,117.41666666666889
1,823,212.49999999999997,9168,119.4166666666689,80.0555555555568
1,824,204.72222222222234,9168,102.72222222222405,96.25000000000166
1,825,213.91666666666674,9168,90.55555555555705,104.5833333333352
1,826,203.19444444444449,9168,110.80555555555758,89.91666666666816
1,827,230.66666666666683,9180,94.41666666666828,130.91666666666922
1,828,195.44444444444446,9180,121.2500000000023,82.69444444444575
1,829,224.58333333333326,9180,110.72222222222426,104.36111111111298
1,830,225.72222222222223,9180,86.19444444444584,116.08333333333547
1,831,224.24999999999997,9180,98.77777777777949,99.63888888889063
1,832,225.83333333333337,9180,94.86111111111273,131.83333333333593
1,833,200.66666666666666,9180,110.750000000002,80.86111111111236
1,834,215.16666666666663,9180,73.05555555555661,129.52777777778027
1,835,212.80555555555566,9180,94.97222222222383,108.97222222222422
1,836,200.72222222222229,9192,94.30555555555715,105.75000000000192
1,837,230.7500000000002,9192,83.33333333333465,106.72222222222413
1,838,221.1111111111112,9192,117.94444444444663,87.25000000000142
1,839,216.77777777777786,9216,82.52777777777906,105.4722222222241
1,840,202.88888888888889,9216,99.1388888888906,78.8888888888901
1,841,227.0,9222,96.25000000000163,109.05555555555752
1,842,229.88888888888886,9228,101.72222222222399,105.77777777777968
1,843,212.0,9228,125.75000000000239,74.63888888888998
1,844,212.08333333333334,9228,120.52777777778003,78.94444444444566
1,845,214.08333333333334,9228,91.9166666666682,119.44444444444667
1,846,215.83333333333331,9228,93.02777777777932,117.72222222222443
1,847,219.94444444444449,9246,111.00000000000203,84.86111111111248
1,848,193.19444444444449,9258,105.69444444444633,90.44444444444595
1,849,215.00000000000003,9258,96.91666666666833,102.50000000000179
1,850,233.58333333333334,9258,68.72222222222315,128.00000000000247
1,851,213.30555555555551,9258,91.77777777777928,104.19444444444629
1,852,206.11111111111117,9258,99.11111111111283,78.6388888888901
1,853,216.49999999999997,9258,84.66666666666801,111.0555555555576
1,854,213.9166666666667,9258,93.444444444446,99.8055555555573
1,855,213.33333333333337,9258,93.9722222222238,113.33333333333546
1,856,202.63888888888886,9258,88.63888888889034,108.47222222222418
1,857,199.3888888888889,9264,90.58333333333483,96.52777777777942
1,858,207.9166666666667,9264,81.41666666666794,121.33333333333563
1,859,215.83333333333348,9264,92.97222222222378,102.44444444444626
1,860,207.86111111111117,9264,107.19444444444636,117.22222222222442
1,861,225.41666666666677,9264,113.75000000000209,99.72222222222399
1,862,202.88888888888894,9276,113.77777777777987,105.94444444444636
1,863,209.9722222222222,9276,107.11111111111303,101.11111111111288
1,864,207.08333333333334,9294,91.94444444444598,117.36111111111333
1,865,218.19444444444449,9294,96.75000000000166,111.08333333333536
1,866,209.72222222222229,9294,121.05555555555786,96.0555555555572
1,867,219.5277777777778,9294,118.47222222222443,84.61111111111245
1,868,205.13888888888897,9294,99.13888888889059,111.36111111111317
1,869,223.9722222222223,9294,95.08333333333495,105.22222222222409
1,870,239.11111111111111,9306,96.25000000000165,115.22222222222436
1,871,218.49999999999994,9306,96.47222222222385,100.9444444444462
1,872,223.00000000000003,9306,76.38888888889002,116.44444444444659
1,873,208.44444444444443,9306,102.16666666666845,105.86111111111299
1,874,228.05555555555563,9306,103.25000000000183,110.58333333333533
1,875,202.41666666666666,9306,121.80555555555786,79.13888888889008
1,876,210.25,9312,80.52777777777901,124.41666666666902
1,877,219.88888888888897,9312,89.05555555555702,95.66666666666826
1,878,229.6944444444445,9312,99.1388888888906,114.33333333333545
1,879,204.02777777777786,9312,89.38888888889036,119.27777777778002
1,880,192.4444444444446,9318,97.63888888889056,87.05555555555696
1,881,238.05555555555566,9324,104.22222222222405,80.77777777777902
1,882,213.11111111111106,9324,97.50000000000168,107.33333333333525
1,883,201.05555555555554,9330,96.05555555555719,105.9722222222241
1,884,228.3333333333334,9342,96.66666666666832,93.444444444446
1,885,213.11111111111117,9342,91.38888888889042,117.50000000000217
1,886,232.8333333333334,9342,97.66666666666835,104.22222222222406
1,887,205.74999999999997,9342,103.33333333333515,92.0277777777793
1,888,215.02777777777783,9366,115.83333333333547,86.88888888889028
1,889,205.77777777777789,9384,107.72222222222416,93.11111111111265
1,890,206.94444444444443,9396,105.50000000000188,98.38888888889058
1,891,207.69444444444449,9396,109.27777777777976,94.83333333333493
1,892,222.50000000000006,9402,99.11111111111282,96.5555555555572
1,893,216.02777777777786,9402,90.97222222222373,116.41666666666882
1,894,223.72222222222234,9414,116.97222222222439,87.41666666666806
1,895,227.36111111111111,9414,104.52777777777963,77.94444444444561
1,896,218.69444444444454,9414,89.41666666666814,116.58333333333549
1,897,242.3055555555556,9414,87.2777777777792,121.25000000000229
1,898,225.25,9414,89.5833333333348,117.58333333333547
1,899,210.83333333333337,9426,102.222222222224,90.86111111111262
1,900,244.94444444444443,9426,103.88888888889073,103.75000000000182
1,901,209.47222222222229,9426,99.25000000000172,94.27777777777936
1,902,222.83333333333331,9426,87.63888888889032,112.50000000000206
1,903,220.86111111111111,9426,111.38888888889092,90.44444444444592
1,904,234.19444444444446,9432,95.30555555555718,93.25000000000155
1,905,232.16666666666669,9432,88.16666666666809,112.3055555555576
1,906,212.13888888888894,9432,89.80555555555704,116.83333333333547
1,907,214.3333333333334,9432,88.4166666666681,115.44444444444659
1,908,224.138888888889,9432,105.13888888889075,90.8611111111126
1,909,226.30555555555554,9432,86.72222222222364,113.08333333333542
1,910,226.6666666666667,9432,83.88888888889022,112.91666666666875
1,911,215.72222222222223,9438,97.00000000000166,100.36111111111285
1,912,215.91666666666663,9438,102.47222222222402,107.83333333333528
1,913,214.9444444444445,9438,108.22222222222416,87.36111111111252
1,914,233.69444444444446,9444,112.86111111111317,99.33333333333503
1,915,199.25000000000003,9450,89.11111111111258,108.1666666666686
1,916,236.16666666666674,9450,95.72222222222385,113.77777777777985
1,917,208.55555555555557,9456,101.16666666666843,98.333333333335
1,918,230.6944444444445,9462,86.80555555555695,114.30555555555765
1,919,202.91666666666669,9462,84.80555555555691,122.1111111111134
1,920,217.05555555555554,9474,92.52777777777933,120.94444444444672
1,921,218.50000000000006,9474,97.83333333333502,104.52777777777962
1,922,231.72222222222237,9474,88.91666666666812,85.75000000000138
1,923,235.7777777777778,9480,98.2222222222239,99.9166666666684
1,924,205.52777777777783,9480,95.52777777777936,107.25000000000193
1,925,203.6111111111112,9486,82.08333333333462,105.25000000000186
1,926,225.27777777777777,9486,83.94444444444578,108.25000000000195
1,927,237.88888888888906,9498,82.94444444444574,112.25000000000205
1,928,209.63888888888894,9498,103.6388888888907,81.41666666666794
1,929,225.02777777777774,9522,85.50000000000136,107.88888888889082
1,930,244.02777777777777,9522,84.86111111111246,122.02777777778007
1,931,208.30555555555554,9522,102.00000000000179,118.94444444444666
1,932,240.41666666666663,9528,98.63888888889056,87.7777777777792
1,933,217.27777777777786,9528,97.94444444444612,91.88888888889042
1,934,219.72222222222229,9540,106.55555555555748,103.22222222222405
1,935,207.97222222222229,9570,65.91666666666754,141.2500000000028
1,936,238.00000000000003,9570,115.02777777777989,96.47222222222385
1,937,210.6666666666667,9570,94.86111111111272,114.36111111111322
1,938,225.7777777777777,9582,112.91666666666875,99.33333333333506
1,939,193.2777777777778,9582,94.80555555555715,119.36111111111335
1,940,238.52777777777783,9588,107.58333333333526,93.80555555555712
1,941,211.13888888888889,9594,106.55555555555748,109.88888888889088
1,942,193.7777777777778,9600,83.0277777777791,120.41666666666892
1,943,225.22222222222243,9630,86.5000000000014,121.38888888889116
1,944,206.83333333333334,9636,107.52777777777968,81.75000000000125
1,945,223.30555555555554,9636,96.5555555555572,107.80555555555749
1,946,202.94444444444446,9636,81.69444444444571,100.66666666666843
1,947,222.80555555555569,9648,100.66666666666842,81.3333333333346
1,948,229.94444444444454,9654,103.0277777777796,108.19444444444638
1,949,225.47222222222226,9654,99.69444444444618,103.36111111111293
1,950,218.86111111111117,9654,90.66666666666816,110.05555555555753
1,951,196.72222222222223,9654,93.30555555555713,110.36111111111313
1,952,208.9444444444444,9654,73.3333333333344,115.75000000000213
1,953,213.80555555555557,9672,102.58333333333515,97.77777777777946
1,954,213.6111111111111,9690,99.5000000000017,95.69444444444606
1,955,231.38888888888894,9696,102.27777777777958,96.52777777777943
1,956,206.02777777777783,9696,76.11111111111222,108.75000000000195
1,957,192.19444444444446,9696,92.80555555555712,112.61111111111315
1,958,217.74999999999994,9702,92.58333333333488,106.33333333333523
1,959,195.16666666666669,9702,107.25000000000189,99.50000000000173
1,960,198.24999999999986,9702,105.25000000000189,107.1388888888908
1,961,230.8611111111112,9702,110.88888888889092,109.0833333333353
1,962,205.08333333333337,9702,130.86111111111364,86.83333333333475
1,963,204.61111111111123,9702,97.333333333335,102.50000000000179
1,964,233.83333333333337,9702,98.1111111111128,104.00000000000183
1,965,195.33333333333334,9702,102.6388888888907,113.05555555555762
1,966,204.94444444444449,9702,130.44444444444696,71.16666666666765
1,967,222.97222222222226,9714,93.47222222222379,111.52777777777979
1,968,226.08333333333331,9720,91.41666666666818,119.6666666666689
1,969,216.44444444444449,9726,103.33333333333516,101.27777777777955
1,970,213.50000000000003,9726,96.05555555555719,96.30555555555719
1,971,219.05555555555554,9738,120.22222222222447,94.94444444444605
1,972,193.61111111111111,9744,81.66666666666795,117.61111111111326
1,973,218.16666666666669,9750,107.0277777777797,111.6944444444465
1,974,225.4444444444444,9750,106.88888888889079,80.22222222222345
1,975,206.88888888888894,9750,106.33333333333523,91.44444444444595
1,976,206.0833333333333,9756,70.25000000000098,117.3333333333355
1,977,219.6666666666667,9756,98.27777777777948,110.05555555555753
1,978,226.1111111111112,9756,76.11111111111225,120.05555555555779
1,979,220.13888888888894,9756,73.61111111111218,113.8611111111132
1,980,207.55555555555563,9762,83.1388888888902,122.22222222222454
1,981,205.80555555555554,9762,68.19444444444538,120.0555555555578
1,982,185.52777777777777,9762,98.80555555555726,109.38888888889088
1,983,221.50000000000009,9768,112.66666666666873,99.1388888888906
1,984,206.52777777777777,9774,100.63888888889065,94.91666666666826
1,985,219.16666666666677,9774,91.80555555555708,122.916666666669
1,986,218.33333333333346,9786,69.63888888888985,127.0000000000024
1,987,214.44444444444454,9792,89.13888888889035,111.33333333333535
1,988,210.69444444444449,9792,90.58333333333483,102.7500000000018
1,989,207.94444444444443,9804,97.83333333333502,116.5555555555577
1,990,225.25000000000009,9810,83.72222222222354,112.36111111111316
1,991,215.13888888888886,9810,129.61111111111362,88.25000000000144
1,992,225.3055555555556,9816,119.8055555555578,100.97222222222399
1,993,209.2777777777778,9822,92.05555555555709,110.44444444444645
1,994,221.36111111111111,9822,81.25000000000125,124.08333333333569
1,995,200.77777777777783,9828,87.38888888889032,116.55555555555772
1,996,221.1666666666667,9828,92.33333333333486,108.66666666666862
1,997,231.33333333333334,9828,104.36111111111298,94.52777777777936
1,998,210.52777777777783,9828,106.47222222222413,75.80555555555667
1,999,193.97222222222229,9828,86.91666666666808,105.86111111111299
1,1000,204.94444444444454,9840,111.30555555555759,94.25000000000158
