agentid,step,ExpectedQvalue,CumulativeReward,center1_q,center2_q
0,1,29.333333333333336,0,6.333333333333323,11.916666666666647
0,2,36.24999999999999,0,6.416666666666655,15.66666666666665
0,3,31.61111111111111,0,7.222222222222209,16.472222222222197
0,4,36.44444444444445,0,7.22222222222221,15.499999999999975
0,5,31.666666666666668,0,8.916666666666648,22.472222222222246
0,6,33.5,0,11.194444444444425,13.86111111111109
0,7,41.527777777777786,6,4.11111111111111,18.13888888888889
0,8,35.94444444444446,6,8.999999999999984,15.38888888888886
0,9,27.52777777777778,6,7.722222222222208,15.249999999999979
0,10,24.416666666666668,6,2.472222222222222,12.58333333333331
0,11,34.25000000000001,6,7.583333333333319,17.16666666666665
0,12,34.36111111111111,6,6.97222222222221,18.333333333333314
0,13,37.80555555555555,6,13.472222222222202,13.999999999999982
0,14,40.05555555555556,12,7.527777777777763,12.666666666666652
0,15,31.472222222222236,24,6.4166666666666545,19.41666666666668
0,16,41.77777777777778,24,7.999999999999985,22.44444444444448
0,17,40.333333333333336,24,6.333333333333322,23.97222222222229
0,18,42.05555555555553,24,10.63888888888887,16.583333333333318
0,19,48.50000000000002,30,4.916666666666662,25.194444444444475
0,20,48.055555555555564,30,8.05555555555554,19.888888888888907
0,21,52.277777777777786,30,6.13888888888888,29.1944444444445
0,22,36.66666666666666,30,9.02777777777776,29.805555555555625
0,23,48.194444444444464,72,9.111111111111095,22.250000000000014
0,24,46.30555555555555,72,7.138888888888875,30.44444444444455
0,25,45.2777777777778,78,9.666666666666654,26.80555555555558
0,26,47.72222222222222,84,10.722222222222202,25.472222222222292
0,27,42.63888888888888,84,7.3611111111110965,25.027777777777803
0,28,57.22222222222221,84,4.94444444444444,22.41666666666668
0,29,57.44444444444443,102,6.888888888888877,18.77777777777779
0,30,48.52777777777779,108,7.361111111111097,26.55555555555561
0,31,48.3888888888889,108,10.305555555555541,20.61111111111114
0,32,49.138888888888886,108,7.0833333333333215,18.888888888888903
0,33,51.94444444444446,108,8.27777777777776,22.5277777777778
0,34,49.25000000000003,108,7.08333333333332,24.555555555555575
0,35,54.777777777777786,120,11.722222222222204,16.916666666666657
0,36,41.30555555555556,120,6.3888888888888795,19.52777777777777
0,37,51.555555555555586,120,8.611111111111097,25.000000000000018
0,38,47.25,120,7.888888888888873,20.750000000000025
0,39,44.36111111111112,120,6.194444444444432,20.305555555555593
0,40,43.61111111111111,150,4.555555555555554,22.944444444444464
0,41,54.36111111111111,150,7.583333333333321,22.583333333333346
0,42,63.388888888888914,150,6.527777777777767,22.194444444444468
0,43,48.13888888888891,156,5.499999999999994,25.1944444444445
0,44,48.52777777777778,162,8.888888888888872,21.138888888888914
0,45,50.361111111111114,162,5.3611111111111045,31.750000000000075
0,46,46.19444444444444,246,4.777777777777773,29.805555555555603
0,47,55.388888888888886,246,7.361111111111097,36.05555555555573
0,48,55.6111111111111,246,8.02777777777776,40.91666666666701
0,49,47.13888888888888,246,7.361111111111099,33.805555555555664
0,50,55.77777777777777,246,7.777777777777763,37.94444444444469
0,51,63.91666666666664,252,7.888888888888874,33.05555555555545
0,52,55.749999999999986,258,4.694444444444441,41.58333333333346
0,53,60.66666666666666,258,5.6111111111111045,37.61111111111113
0,54,56.083333333333314,258,7.611111111111096,46.66666666666694
0,55,66.19444444444441,282,8.80555555555554,47.027777777778084
0,56,56.222222222222214,282,7.111111111111097,39.083333333333414
0,57,68.8611111111111,294,9.749999999999984,38.72222222222229
0,58,58.638888888888886,300,7.58333333333332,42.75000000000015
0,59,64.08333333333333,300,5.444444444444438,41.02777777777789
0,60,71.4444444444444,300,8.222222222222205,33.16666666666657
0,61,57.38888888888888,300,9.583333333333316,44.55555555555577
0,62,62.38888888888887,300,6.888888888888878,33.861111111111036
0,63,65.55555555555554,300,7.194444444444431,41.16666666666679
0,64,71.55555555555553,300,7.499999999999987,37.694444444444485
0,65,57.72222222222222,300,6.8333333333333215,35.72222222222221
0,66,59.63888888888886,306,8.972222222222204,37.02777777777779
0,67,59.111111111111114,306,8.888888888888875,42.583333333333506
0,68,69.91666666666666,360,7.583333333333319,40.52777777777788
0,69,61.80555555555556,372,9.55555555555554,39.63888888888894
0,70,69.6944444444444,372,7.888888888888872,42.4444444444446
0,71,62.388888888888864,384,5.77777777777777,59.277777777778404
0,72,67.38888888888887,396,3.8888888888888875,50.69444444444483
0,73,72.47222222222221,408,4.08333333333333,56.80555555555612
0,74,71.2222222222222,438,7.416666666666653,51.11111111111153
0,75,63.111111111111086,474,5.333333333333328,51.055555555555955
0,76,63.0,474,8.694444444444429,46.41666666666693
0,77,74.5277777777778,474,4.3055555555555545,49.7500000000004
0,78,74.1111111111111,480,5.583333333333325,59.86111111111177
0,79,83.0833333333333,480,5.694444444444437,59.777777777778454
0,80,57.499999999999964,480,3.5833333333333326,53.9722222222227
0,81,76.66666666666663,480,5.111111111111106,50.16666666666706
0,82,72.8333333333333,480,7.277777777777766,48.50000000000032
0,83,65.13888888888887,504,6.666666666666655,54.30555555555606
0,84,69.6388888888889,510,9.833333333333318,49.61111111111146
0,85,70.05555555555553,528,5.611111111111104,51.58333333333374
0,86,68.13888888888887,534,10.138888888888872,54.00000000000049
0,87,82.4444444444444,534,5.1111111111111045,47.36111111111139
0,88,64.94444444444443,534,6.166666666666658,60.41666666666734
0,89,66.61111111111109,540,8.361111111111098,55.63888888888941
0,90,75.1111111111111,552,5.611111111111104,49.22222222222258
0,91,67.80555555555554,552,8.05555555555554,58.638888888889504
0,92,69.9444444444444,552,7.7777777777777635,50.86111111111151
0,93,60.91666666666665,594,6.666666666666655,48.77777777777814
0,94,73.72222222222219,606,9.30555555555554,48.72222222222257
0,95,62.72222222222221,618,4.555555555555551,55.75000000000052
0,96,60.361111111111086,618,7.472222222222208,50.94444444444483
0,97,71.77777777777774,642,6.388888888888879,53.750000000000476
0,98,52.16666666666664,642,5.472222222222216,61.750000000000696
0,99,61.833333333333314,642,4.694444444444441,57.527777777778354
0,100,76.44444444444443,642,6.4722222222222126,58.47222222222284
0,101,75.22222222222221,654,5.916666666666657,53.027777777778226
0,102,73.66666666666669,792,5.694444444444436,73.94444444444561
0,103,66.5,894,4.194444444444442,82.38888888889002
0,104,74.41666666666666,900,9.222222222222204,76.2500000000013
0,105,73.47222222222224,912,7.0833333333333215,69.25000000000112
0,106,77.16666666666667,948,5.527777777777772,101.30555555555725
0,107,94.38888888888884,960,9.472222222222205,77.1111111111122
0,108,92.02777777777776,960,12.472222222222204,74.00000000000104
0,109,81.33333333333331,966,6.972222222222209,81.0555555555567
0,110,86.3888888888889,966,3.9444444444444433,71.27777777777877
0,111,82.33333333333334,978,3.9444444444444424,101.02777777777965
0,112,101.83333333333329,984,6.055555555555547,122.86111111111354
0,113,88.91666666666664,984,5.944444444444436,103.52777777777972
0,114,82.80555555555556,990,6.444444444444434,99.19444444444628
0,115,98.44444444444443,996,6.638888888888878,97.25000000000179
0,116,92.36111111111114,1008,9.083333333333316,103.77777777777972
0,117,96.41666666666666,1008,6.249999999999989,118.8888888888912
0,118,88.6111111111111,1008,4.722222222222218,105.30555555555755
0,119,93.61111111111111,1014,6.777777777777767,91.94444444444609
0,120,87.1388888888889,1026,7.888888888888874,96.66666666666845
0,121,85.19444444444444,1026,4.833333333333329,113.33333333333552
0,122,88.1388888888889,1044,4.972222222222219,99.44444444444629
0,123,97.5833333333333,1044,6.861111111111097,89.41666666666825
0,124,103.63888888888891,1098,9.694444444444427,87.11111111111266
0,125,94.72222222222224,1104,4.33333333333333,118.58333333333564
0,126,80.77777777777781,1110,8.027777777777763,115.27777777778
0,127,88.47222222222221,1116,7.722222222222207,92.00000000000165
0,128,97.19444444444449,1164,6.583333333333322,99.8333333333352
0,129,95.47222222222226,1170,7.249999999999988,96.22222222222398
0,130,96.36111111111111,1176,8.277777777777763,99.63888888889073
0,131,88.1388888888889,1182,7.94444444444443,108.72222222222429
0,132,103.80555555555557,1182,4.944444444444439,114.2500000000022
0,133,95.74999999999997,1200,10.694444444444425,108.97222222222432
0,134,113.94444444444446,1218,5.388888888888883,89.52777777777936
0,135,89.30555555555557,1224,4.0555555555555545,96.88888888889066
0,136,108.30555555555554,1224,8.944444444444429,101.30555555555746
0,137,104.11111111111109,1236,7.749999999999987,85.80555555555705
0,138,101.47222222222221,1248,7.2777777777777635,107.61111111111316
0,139,98.30555555555553,1254,7.1944444444444295,101.25000000000189
0,140,101.80555555555556,1254,9.02777777777776,114.02777777777997
0,141,118.1111111111111,1254,6.777777777777769,108.8333333333354
0,142,80.75000000000001,1254,7.583333333333318,92.80555555555722
0,143,108.38888888888886,1266,9.80555555555554,84.5833333333348
0,144,107.11111111111107,1266,6.888888888888877,97.472222222224
0,145,95.41666666666667,1266,5.972222222222214,107.05555555555759
0,146,82.55555555555554,1278,8.638888888888872,98.25000000000179
0,147,93.16666666666663,1278,5.583333333333327,105.00000000000198
0,148,90.74999999999999,1278,8.694444444444427,96.88888888889066
0,149,100.30555555555559,1284,9.222222222222209,96.02777777777953
0,150,87.80555555555556,1284,2.3611111111111107,111.11111111111323
0,151,102.72222222222227,1284,6.13888888888888,124.33333333333579
0,152,114.88888888888889,1284,8.55555555555554,95.5555555555573
0,153,94.49999999999999,1284,2.8333333333333326,114.69444444444667
0,154,85.30555555555557,1302,4.527777777777773,93.8611111111128
0,155,96.66666666666669,1302,5.749999999999993,91.55555555555719
0,156,104.11111111111104,1302,8.361111111111097,109.86111111111323
0,157,99.80555555555556,1308,6.999999999999987,96.86111111111289
0,158,79.77777777777777,1308,6.611111111111101,107.52777777777983
0,159,104.66666666666666,1332,5.166666666666662,94.97222222222395
0,160,100.16666666666664,1344,3.111111111111111,100.02777777777963
0,161,93.80555555555553,1356,5.499999999999992,98.41666666666845
0,162,90.08333333333333,1356,7.527777777777765,111.02777777777992
0,163,102.3888888888889,1356,11.333333333333316,101.86111111111302
0,164,87.08333333333339,1356,12.305555555555538,98.3888888888907
0,165,92.75,1356,10.138888888888872,96.13888888889065
0,166,100.74999999999997,1356,7.333333333333321,97.16666666666845
0,167,90.30555555555557,1356,5.222222222222216,115.36111111111335
0,168,82.25000000000001,1356,7.555555555555541,111.6944444444466
0,169,101.05555555555556,1356,5.416666666666661,90.00000000000159
0,170,95.05555555555554,1356,7.999999999999984,105.13888888889086
0,171,87.5,1356,5.416666666666661,101.38888888889079
0,172,101.08333333333331,1356,8.166666666666652,105.94444444444645
0,173,96.36111111111109,1356,5.249999999999994,93.36111111111279
0,174,98.41666666666666,1362,10.88888888888887,99.50000000000183
0,175,99.0,1368,6.861111111111097,110.44444444444657
0,176,91.75000000000003,1374,3.5833333333333326,120.94444444444682
0,177,99.52777777777784,1374,3.7777777777777763,98.55555555555736
0,178,84.38888888888887,1374,8.861111111111095,102.22222222222412
0,179,97.83333333333333,1374,7.888888888888874,109.88888888889097
0,180,100.41666666666663,1386,6.3055555555555465,107.19444444444649
0,181,78.11111111111114,1392,9.249999999999984,103.27777777777972
0,182,107.94444444444447,1398,6.444444444444434,93.33333333333503
0,183,89.75,1398,3.527777777777776,115.02777777778
0,184,82.97222222222227,1428,8.694444444444429,100.02777777777963
0,185,92.33333333333334,1428,9.361111111111095,86.41666666666819
0,186,115.30555555555554,1440,9.472222222222205,109.52777777777986
0,187,85.72222222222226,1440,7.777777777777763,97.63888888889068
0,188,87.69444444444446,1440,7.749999999999985,94.66666666666836
0,189,93.72222222222221,1452,5.027777777777772,114.77777777777997
0,190,90.69444444444444,1452,6.833333333333323,99.88888888889076
0,191,88.74999999999996,1458,5.277777777777772,113.66666666666886
0,192,101.49999999999999,1476,4.5833333333333295,116.0555555555578
0,193,96.47222222222224,1476,4.44444444444444,117.52777777778007
0,194,92.80555555555556,1476,6.7499999999999885,85.41666666666815
0,195,84.41666666666666,1476,3.4444444444444438,114.83333333333556
0,196,83.27777777777779,1488,3.3055555555555562,126.36111111111363
0,197,94.77777777777777,1488,5.694444444444437,102.83333333333526
0,198,100.25,1500,5.249999999999995,109.1111111111132
0,199,100.5833333333333,1500,4.527777777777773,124.5833333333358
0,200,93.69444444444444,1512,9.472222222222202,80.33333333333469
0,201,99.55555555555554,1512,4.499999999999995,99.91666666666852
0,202,82.94444444444444,1548,11.472222222222204,87.50000000000155
0,203,105.19444444444441,1566,10.527777777777759,92.00000000000166
0,204,77.75,1566,7.166666666666655,115.08333333333557
0,205,103.36111111111109,1572,5.166666666666661,117.27777777778006
0,206,86.97222222222219,1572,6.583333333333324,104.77777777777965
0,207,82.38888888888891,1572,8.138888888888873,92.08333333333502
0,208,82.02777777777779,1572,10.166666666666648,102.55555555555748
0,209,92.44444444444446,1578,3.97222222222222,121.05555555555786
0,210,93.22222222222224,1584,4.861111111111107,99.38888888889072
0,211,97.97222222222223,1584,8.555555555555541,78.69444444444576
0,212,94.80555555555557,1584,5.63888888888888,104.33333333333525
0,213,83.75000000000001,1584,4.722222222222217,102.77777777777968
0,214,97.75000000000003,1584,8.166666666666652,111.33333333333547
0,215,102.24999999999997,1602,8.305555555555538,102.91666666666856
0,216,77.83333333333333,1602,8.055555555555541,86.52777777777925
0,217,73.47222222222224,1602,7.499999999999986,103.72222222222418
0,218,81.38888888888889,1602,8.444444444444429,89.97222222222385
0,219,89.63888888888891,1602,4.083333333333331,105.27777777777975
0,220,104.11111111111107,1608,6.9166666666666545,122.6944444444468
0,221,82.97222222222221,1632,6.3055555555555465,103.94444444444639
0,222,115.05555555555553,1632,2.0277777777777777,129.69444444444687
0,223,89.69444444444441,1650,6.444444444444435,121.13888888889124
0,224,91.1944444444444,1650,5.305555555555549,89.50000000000159
0,225,88.66666666666666,1650,7.8611111111110965,99.86111111111296
0,226,94.30555555555553,1656,6.861111111111099,97.13888888889066
0,227,90.58333333333333,1656,3.305555555555555,115.47222222222446
0,228,89.66666666666664,1710,7.722222222222208,98.22222222222402
0,229,102.02777777777779,1722,5.694444444444438,106.52777777777979
0,230,83.25000000000004,1722,5.638888888888881,95.08333333333505
0,231,93.33333333333331,1728,8.388888888888872,89.2222222222238
0,232,81.11111111111111,1734,6.833333333333323,110.55555555555767
0,233,93.58333333333331,1734,5.52777777777777,90.52777777777938
0,234,84.86111111111116,1740,9.138888888888875,82.16666666666808
0,235,103.97222222222223,1740,6.194444444444437,119.00000000000225
0,236,88.41666666666666,1746,2.166666666666666,105.750000000002
0,237,97.13888888888887,1746,7.805555555555539,95.50000000000175
0,238,89.69444444444449,1758,6.583333333333322,112.27777777777995
0,239,96.30555555555551,1758,4.888888888888884,111.13888888889099
0,240,94.91666666666669,1764,7.5277777777777635,103.66666666666862
0,241,90.80555555555556,1794,7.805555555555541,110.36111111111323
0,242,89.25,1794,3.7499999999999987,121.00000000000237
0,243,115.52777777777774,1794,5.861111111111103,100.27777777777963
0,244,104.38888888888893,1794,7.805555555555541,103.8333333333353
0,245,99.25,1800,6.49999999999999,100.05555555555739
0,246,93.13888888888891,1800,2.8888888888888884,116.61111111111336
0,247,102.6111111111111,1800,3.611111111111109,96.5833333333351
0,248,82.33333333333334,1800,5.66666666666666,95.72222222222396
0,249,101.8611111111111,1800,5.944444444444435,111.88888888889103
0,250,97.44444444444446,1800,6.638888888888879,100.9722222222241
0,251,92.94444444444443,1800,5.694444444444436,102.63888888889082
0,252,101.08333333333337,1818,4.6666666666666625,106.58333333333535
0,253,112.47222222222219,1824,5.638888888888882,98.83333333333516
0,254,96.94444444444446,1830,8.138888888888873,116.75000000000227
0,255,106.11111111111107,1830,6.138888888888879,109.69444444444655
0,256,103.86111111111106,1830,10.972222222222205,95.77777777777945
0,257,97.02777777777776,1830,3.9722222222222214,115.38888888889113
0,258,107.61111111111117,1830,3.3888888888888897,129.6111111111136
0,259,101.58333333333334,1830,6.583333333333324,115.11111111111333
0,260,89.94444444444447,1830,9.555555555555541,86.2500000000015
0,261,98.25000000000003,1836,9.222222222222204,105.08333333333529
0,262,77.91666666666666,1842,7.94444444444443,100.19444444444629
0,263,89.36111111111113,1884,5.722222222222215,98.00000000000178
0,264,103.08333333333333,1884,7.055555555555543,99.61111111111288
0,265,95.9722222222222,1884,7.111111111111098,110.2500000000021
0,266,67.08333333333334,1890,7.055555555555544,108.61111111111319
0,267,102.69444444444444,1890,3.4166666666666647,120.30555555555789
0,268,93.83333333333336,1890,7.611111111111097,109.58333333333542
0,269,99.44444444444449,1902,5.583333333333327,104.55555555555749
0,270,93.08333333333331,1902,6.083333333333327,101.55555555555745
0,271,101.11111111111111,1908,5.2777777777777715,110.44444444444653
0,272,88.74999999999999,1908,4.805555555555552,117.63888888889116
0,273,90.8611111111111,1908,7.08333333333332,102.66666666666859
0,274,98.5277777777778,1908,8.611111111111095,90.19444444444602
0,275,93.58333333333337,1908,7.472222222222209,97.19444444444623
0,276,98.08333333333334,1908,6.305555555555546,107.69444444444646
0,277,88.08333333333336,1908,7.555555555555544,91.86111111111275
0,278,92.86111111111107,1914,6.111111111111102,90.36111111111273
0,279,94.44444444444441,1926,4.972222222222217,106.36111111111312
0,280,96.94444444444443,1926,6.805555555555544,91.13888888889049
0,281,89.25000000000004,1944,7.583333333333316,111.44444444444656
0,282,81.22222222222223,1950,5.916666666666659,113.75000000000215
0,283,99.55555555555556,1950,7.527777777777764,121.63888888889126
0,284,119.83333333333333,1962,7.277777777777764,112.0000000000021
0,285,99.19444444444447,1962,8.638888888888872,114.69444444444667
0,286,81.2222222222222,1962,9.361111111111095,108.5555555555576
0,287,92.44444444444447,1962,5.2777777777777715,108.36111111111316
0,288,100.83333333333336,1962,7.277777777777765,106.13888888889088
0,289,89.25000000000001,1962,6.333333333333323,122.02777777778019
0,290,99.05555555555559,1962,6.527777777777767,114.6111111111133
0,291,99.52777777777777,1962,7.444444444444431,105.77777777777973
0,292,87.13888888888891,1962,6.416666666666655,103.69444444444638
0,293,110.88888888888891,1980,12.888888888888864,116.50000000000226
0,294,116.16666666666664,1992,8.80555555555554,116.8055555555578
0,295,107.5277777777778,1992,5.916666666666658,104.22222222222415
0,296,89.1388888888889,1992,5.749999999999992,115.27777777777997
0,297,83.66666666666669,1992,7.916666666666653,100.05555555555735
0,298,99.0,1992,6.38888888888888,118.47222222222452
0,299,92.74999999999999,1998,6.388888888888878,119.19444444444676
0,300,101.02777777777781,2016,9.861111111111097,116.69444444444669
0,301,93.5,2016,6.666666666666655,108.91666666666872
0,302,116.19444444444449,2034,5.861111111111103,125.47222222222469
0,303,107.6111111111111,2040,8.333333333333318,109.08333333333539
0,304,113.44444444444444,2040,4.861111111111107,125.47222222222467
0,305,87.44444444444443,2040,3.4722222222222214,132.52777777778013
0,306,89.83333333333336,2040,8.41666666666665,101.36111111111298
0,307,91.19444444444443,2052,6.8611111111111,117.97222222222453
0,308,122.52777777777776,2058,4.416666666666664,119.72222222222454
0,309,115.8888888888889,2064,7.083333333333321,101.08333333333518
0,310,97.58333333333336,2064,8.416666666666652,122.9722222222246
0,311,105.47222222222223,2082,6.583333333333322,120.4444444444468
0,312,102.05555555555559,2082,4.47222222222222,123.91666666666907
0,313,80.11111111111111,2082,8.055555555555541,117.38888888889116
0,314,91.55555555555556,2082,2.1944444444444446,107.8888888888909
0,315,109.9444444444444,2082,3.7499999999999987,115.41666666666887
0,316,103.7777777777778,2106,4.416666666666663,105.38888888889083
0,317,110.61111111111109,2106,4.0555555555555545,119.33333333333563
0,318,116.80555555555554,2106,5.555555555555549,129.63888888889136
0,319,91.27777777777777,2106,8.222222222222207,112.1666666666688
0,320,95.25000000000001,2112,9.111111111111095,95.83333333333505
0,321,108.38888888888889,2112,5.694444444444437,109.8333333333354
0,322,101.33333333333329,2112,5.6111111111111045,104.38888888889083
0,323,130.38888888888883,2112,5.805555555555548,121.88888888889124
0,324,110.47222222222223,2136,11.999999999999982,98.27777777777956
0,325,102.13888888888889,2142,5.8611111111111045,125.41666666666913
0,326,97.72222222222223,2154,7.611111111111097,105.00000000000196
0,327,93.19444444444446,2160,8.944444444444429,97.47222222222398
0,328,128.00000000000003,2160,8.138888888888873,103.02777777777969
0,329,99.52777777777776,2160,8.388888888888873,107.19444444444645
0,330,103.83333333333333,2172,5.41666666666666,116.94444444444669
0,331,96.4166666666667,2178,6.249999999999991,108.52777777777982
0,332,114.94444444444441,2178,7.722222222222206,109.13888888889095
0,333,94.72222222222226,2178,9.944444444444429,108.13888888889093
0,334,106.3611111111111,2190,5.999999999999993,107.66666666666872
0,335,112.69444444444449,2190,4.972222222222215,100.55555555555739
0,336,100.91666666666667,2190,3.5277777777777763,119.0000000000023
0,337,107.13888888888887,2190,6.361111111111101,119.19444444444677
0,338,104.49999999999997,2190,6.1388888888888795,99.55555555555738
0,339,115.55555555555557,2190,7.166666666666654,112.13888888889103
0,340,92.55555555555556,2190,8.027777777777763,120.36111111111343
0,341,102.22222222222221,2196,7.7777777777777635,103.27777777777969
0,342,103.5,2220,5.2777777777777715,123.97222222222466
0,343,108.05555555555551,2220,5.583333333333326,109.36111111111319
0,344,92.55555555555559,2226,10.666666666666652,109.61111111111319
0,345,95.41666666666669,2226,6.472222222222212,123.16666666666907
0,346,96.41666666666666,2226,9.611111111111095,91.7777777777794
0,347,115.36111111111117,2238,7.472222222222208,111.33333333333545
0,348,103.77777777777777,2238,7.1666666666666545,115.66666666666889
0,349,95.05555555555557,2250,6.49999999999999,113.22222222222436
0,350,108.7777777777778,2256,7.80555555555554,125.66666666666913
0,351,99.6388888888889,2256,4.638888888888884,113.36111111111325
0,352,91.30555555555554,2268,7.361111111111098,110.05555555555763
0,353,103.58333333333334,2268,7.44444444444443,125.77777777778027
0,354,111.72222222222223,2280,8.638888888888873,104.83333333333529
0,355,107.83333333333333,2286,5.583333333333326,126.69444444444696
0,356,98.88888888888887,2298,6.138888888888882,101.38888888889075
0,357,101.33333333333336,2298,7.22222222222221,119.00000000000233
0,358,97.49999999999999,2298,5.972222222222214,107.3611111111131
0,359,116.61111111111111,2304,6.027777777777769,121.27777777778014
0,360,99.16666666666667,2310,3.9999999999999987,130.83333333333576
0,361,95.52777777777777,2316,5.027777777777773,110.8611111111132
0,362,92.74999999999999,2316,5.611111111111102,107.16666666666869
0,363,88.33333333333337,2328,10.277777777777763,114.97222222222442
0,364,102.58333333333333,2328,8.249999999999984,112.11111111111325
0,365,88.3333333333333,2346,7.9444444444444295,117.25000000000227
0,366,102.52777777777783,2346,5.138888888888883,114.13888888889106
0,367,129.66666666666663,2352,5.999999999999993,117.8611111111134
0,368,119.2777777777778,2352,9.166666666666652,86.58333333333483
0,369,104.52777777777779,2352,6.9166666666666545,106.500000000002
0,370,116.77777777777779,2352,6.333333333333326,118.77777777778007
0,371,110.16666666666667,2352,8.249999999999982,96.38888888889063
0,372,102.44444444444443,2352,6.916666666666655,117.19444444444672
0,373,96.44444444444446,2370,7.1666666666666545,104.52777777777972
0,374,111.58333333333336,2388,7.499999999999987,113.38888888889105
0,375,102.97222222222223,2388,4.916666666666662,127.80555555555809
0,376,88.19444444444443,2388,6.583333333333323,119.55555555555789
0,377,91.44444444444441,2388,7.138888888888878,125.11111111111357
0,378,110.91666666666663,2394,7.499999999999985,98.77777777777956
0,379,96.97222222222221,2394,3.472222222222222,108.47222222222425
0,380,94.0555555555556,2394,5.777777777777771,125.8333333333358
0,381,92.05555555555556,2394,6.416666666666658,114.3611111111133
0,382,108.5,2400,8.666666666666654,110.69444444444653
0,383,103.58333333333337,2400,5.472222222222214,98.7500000000018
0,384,94.22222222222221,2400,8.527777777777764,106.94444444444646
0,385,95.1111111111111,2400,4.861111111111106,120.69444444444679
0,386,105.1388888888889,2400,6.833333333333319,118.3611111111134
0,387,114.86111111111119,2406,7.388888888888876,109.02777777777983
0,388,99.6388888888889,2412,8.055555555555541,124.5833333333358
0,389,102.63888888888889,2412,3.166666666666666,138.16666666666885
0,390,101.19444444444444,2418,6.444444444444433,113.88888888889106
0,391,114.66666666666671,2424,4.972222222222217,119.22222222222456
0,392,93.72222222222219,2436,6.972222222222209,116.02777777778
0,393,113.55555555555553,2436,8.555555555555541,97.05555555555732
0,394,114.05555555555559,2436,6.666666666666655,108.58333333333537
0,395,94.99999999999999,2436,4.805555555555553,129.02777777778022
0,396,106.27777777777776,2442,5.66666666666666,114.16666666666887
0,397,123.36111111111116,2448,8.583333333333318,92.36111111111275
0,398,106.02777777777777,2448,6.305555555555545,116.80555555555782
0,399,101.16666666666667,2448,6.3611111111111,123.13888888889134
0,400,106.24999999999997,2460,8.499999999999986,111.94444444444656
0,401,99.02777777777777,2460,9.58333333333332,104.58333333333526
0,402,94.33333333333331,2472,5.249999999999994,125.5833333333358
0,403,95.91666666666666,2472,9.222222222222207,115.58333333333553
0,404,106.83333333333329,2484,10.027777777777759,97.38888888889065
0,405,112.22222222222219,2490,2.833333333333332,124.9444444444469
0,406,98.88888888888889,2496,5.999999999999991,115.52777777778002
0,407,109.74999999999997,2508,3.944444444444441,124.19444444444686
0,408,100.55555555555554,2520,6.4999999999999885,110.94444444444655
0,409,115.41666666666669,2520,5.166666666666661,115.69444444444666
0,410,98.88888888888887,2520,9.13888888888887,114.11111111111329
0,411,123.2777777777778,2526,6.5833333333333215,105.1944444444464
0,412,103.0277777777778,2532,8.444444444444429,94.11111111111279
0,413,98.63888888888891,2532,11.166666666666648,108.36111111111315
0,414,96.91666666666667,2532,6.694444444444433,99.5000000000018
0,415,95.63888888888891,2532,9.27777777777776,121.69444444444682
0,416,96.63888888888886,2532,9.30555555555554,114.13888888889106
0,417,106.00000000000003,2538,6.611111111111102,120.41666666666899
0,418,107.86111111111113,2538,7.166666666666654,113.00000000000215
0,419,81.02777777777777,2550,8.666666666666652,103.11111111111303
0,420,94.72222222222221,2550,4.083333333333331,115.80555555555777
0,421,93.7222222222222,2550,8.638888888888875,116.6666666666689
0,422,114.1666666666667,2550,4.416666666666664,114.36111111111327
0,423,87.94444444444446,2598,2.138888888888889,120.86111111111346
0,424,111.63888888888889,2598,5.05555555555555,107.91666666666869
0,425,124.38888888888889,2598,5.444444444444438,114.00000000000216
0,426,99.97222222222224,2604,6.083333333333326,103.33333333333526
0,427,105.02777777777779,2610,6.7499999999999885,102.8888888888908
0,428,90.66666666666666,2628,6.888888888888878,102.111111111113
0,429,109.63888888888889,2634,4.833333333333328,114.86111111111333
0,430,104.80555555555556,2634,5.999999999999993,120.44444444444679
0,431,103.05555555555559,2634,8.80555555555554,106.83333333333532
0,432,118.19444444444447,2634,6.583333333333321,111.58333333333547
0,433,88.97222222222221,2640,6.499999999999989,116.16666666666887
0,434,104.19444444444449,2652,10.083333333333314,95.08333333333503
0,435,95.7777777777778,2652,6.055555555555548,114.33333333333552
0,436,93.91666666666663,2652,4.805555555555553,121.80555555555793
0,437,99.49999999999999,2676,4.0555555555555545,121.8611111111135
0,438,100.30555555555557,2676,8.027777777777764,100.02777777777959
0,439,109.00000000000003,2676,6.777777777777767,100.47222222222408
0,440,93.91666666666664,2694,6.1388888888888795,116.55555555555782
0,441,97.13888888888891,2700,6.972222222222212,113.30555555555775
0,442,98.49999999999999,2700,6.4999999999999885,102.41666666666858
0,443,99.7222222222222,2700,5.083333333333329,123.52777777778019
0,444,99.66666666666666,2700,5.63888888888888,125.47222222222469
0,445,97.58333333333331,2706,9.27777777777776,112.05555555555766
0,446,109.69444444444443,2718,5.888888888888879,115.13888888889106
0,447,107.94444444444449,2724,7.194444444444432,106.72222222222422
0,448,98.72222222222224,2724,7.222222222222209,111.02777777777987
0,449,89.88888888888886,2754,6.9999999999999885,120.47222222222459
0,450,121.55555555555554,2760,7.47222222222221,112.11111111111325
0,451,99.75000000000007,2766,10.333333333333316,114.00000000000219
0,452,93.99999999999999,2772,5.277777777777771,126.13888888889136
0,453,120.41666666666669,2772,7.666666666666652,104.97222222222416
0,454,107.30555555555554,2772,7.611111111111096,119.75000000000234
0,455,84.47222222222224,2772,5.555555555555547,110.888888888891
0,456,118.30555555555556,2796,5.722222222222215,105.50000000000198
0,457,87.9166666666667,2802,6.138888888888881,102.25000000000189
0,458,106.02777777777777,2814,2.972222222222222,110.11111111111317
0,459,102.94444444444446,2814,5.027777777777772,110.66666666666876
0,460,101.86111111111109,2814,6.583333333333323,120.05555555555789
0,461,95.33333333333336,2832,7.888888888888873,93.80555555555722
0,462,94.16666666666666,2856,8.666666666666648,122.77777777778019
0,463,111.55555555555553,2868,10.694444444444422,113.63888888889106
0,464,113.94444444444444,2874,6.027777777777769,115.44444444444666
0,465,104.91666666666667,2874,7.194444444444432,101.77777777777965
0,466,130.25000000000003,2898,4.555555555555553,124.33333333333576
0,467,93.58333333333333,2910,6.694444444444433,93.1944444444461
0,468,109.94444444444446,2934,7.138888888888876,91.30555555555718
0,469,99.58333333333339,2934,6.9166666666666545,108.22222222222427
0,470,115.02777777777776,2934,9.166666666666652,105.36111111111306
0,471,97.33333333333333,2934,9.222222222222204,101.88888888889076
0,472,95.36111111111116,2946,8.583333333333316,111.36111111111323
0,473,100.69444444444443,2958,7.333333333333321,92.27777777777942
0,474,101.6388888888889,2958,6.388888888888879,110.08333333333542
0,475,113.22222222222224,2964,8.833333333333316,104.66666666666862
0,476,92.44444444444441,2982,5.222222222222214,91.58333333333496
0,477,101.1111111111111,2982,6.749999999999987,94.7222222222239
0,478,128.8888888888889,2994,8.194444444444429,107.69444444444648
0,479,118.47222222222223,3000,7.9722222222222054,115.58333333333555
0,480,116.77777777777776,3000,6.805555555555546,131.11111111111353
0,481,97.94444444444443,3024,6.999999999999988,107.05555555555758
0,482,99.91666666666666,3036,9.138888888888872,108.69444444444648
0,483,99.55555555555551,3042,7.7222222222222054,106.38888888889089
0,484,108.1111111111111,3042,7.1666666666666545,124.44444444444689
0,485,112.36111111111119,3042,5.611111111111104,120.916666666669
0,486,105.77777777777783,3042,6.999999999999987,117.02777777778002
0,487,104.77777777777779,3072,7.249999999999987,107.58333333333536
0,488,106.61111111111113,3072,5.6111111111111045,111.86111111111325
0,489,123.11111111111114,3084,5.194444444444438,114.5833333333355
0,490,107.86111111111113,3084,4.944444444444439,118.86111111111343
0,491,94.0277777777778,3096,8.722222222222204,99.86111111111295
0,492,93.13888888888886,3096,5.166666666666662,117.16666666666893
0,493,89.88888888888889,3102,7.999999999999985,120.58333333333569
0,494,115.94444444444444,3102,4.694444444444441,109.25000000000209
0,495,105.91666666666664,3114,8.638888888888875,107.08333333333536
0,496,101.36111111111114,3114,7.388888888888877,106.58333333333533
0,497,96.16666666666667,3120,4.527777777777775,106.25000000000198
0,498,98.97222222222224,3120,7.833333333333315,106.05555555555755
0,499,108.83333333333337,3126,4.33333333333333,126.69444444444694
0,500,113.94444444444443,3150,8.305555555555541,121.00000000000237
0,501,94.72222222222223,3192,8.777777777777763,113.25000000000217
0,502,124.22222222222217,3192,8.499999999999988,116.97222222222446
0,503,100.55555555555551,3192,4.666666666666663,108.58333333333539
0,504,110.00000000000003,3192,6.999999999999988,118.44444444444672
0,505,94.47222222222221,3192,5.999999999999992,120.83333333333567
0,506,87.30555555555559,3216,6.749999999999989,113.91666666666886
0,507,102.72222222222224,3216,6.194444444444436,115.88888888889112
0,508,109.27777777777779,3216,4.999999999999995,125.0833333333358
0,509,105.9722222222222,3228,6.555555555555545,114.58333333333552
0,510,90.77777777777771,3240,4.80555555555555,124.97222222222464
0,511,91.9166666666667,3240,5.916666666666657,135.08333333333562
0,512,119.38888888888894,3240,3.5833333333333326,128.86111111111362
0,513,91.19444444444447,3246,4.194444444444443,132.75000000000236
0,514,97.13888888888887,3264,6.222222222222213,107.22222222222425
0,515,97.13888888888889,3294,7.888888888888873,108.80555555555762
0,516,107.86111111111114,3294,10.861111111111091,94.30555555555725
0,517,85.83333333333333,3318,7.972222222222206,87.80555555555708
0,518,116.88888888888887,3318,5.5277777777777715,128.69444444444696
0,519,96.69444444444446,3396,6.055555555555547,105.08333333333529
0,520,122.8333333333333,3396,9.222222222222205,98.86111111111262
0,521,98.77777777777777,3408,8.361111111111095,98.69444444444626
0,522,98.94444444444446,3414,7.305555555555542,115.91666666666885
0,523,114.6666666666667,3432,5.583333333333326,115.38888888889092
0,524,93.25000000000001,3438,8.91666666666665,104.55555555555735
0,525,94.36111111111113,3438,6.777777777777766,105.47222222222413
0,526,98.94444444444451,3438,6.972222222222211,110.41666666666873
0,527,89.47222222222223,3450,3.833333333333332,111.97222222222436
0,528,89.05555555555554,3480,8.19444444444443,118.86111111111337
0,529,100.3611111111111,3486,5.499999999999993,104.7500000000019
0,530,97.6666666666667,3492,7.527777777777763,113.66666666666875
0,531,91.52777777777781,3498,7.027777777777765,101.25000000000168
0,532,93.86111111111113,3516,7.027777777777766,118.80555555555776
0,533,98.08333333333334,3546,10.444444444444429,92.41666666666829
0,534,98.08333333333333,3570,8.611111111111095,107.97222222222405
0,535,79.0277777777778,3570,7.305555555555542,119.50000000000229
0,536,102.00000000000001,3570,2.25,126.16666666666897
0,537,92.83333333333334,3570,7.166666666666654,96.50000000000173
0,538,96.36111111111113,3570,6.9166666666666545,105.27777777777963
0,539,109.83333333333333,3570,4.944444444444439,119.50000000000212
0,540,84.16666666666664,3588,6.722222222222211,112.11111111111306
0,541,110.63888888888887,3600,6.3055555555555465,108.88888888889085
0,542,102.38888888888886,3600,6.416666666666656,109.94444444444635
0,543,87.44444444444449,3600,4.888888888888886,120.02777777778009
0,544,95.11111111111111,3618,7.972222222222208,108.111111111113
0,545,102.63888888888894,3618,4.47222222222222,120.44444444444665
0,546,95.05555555555559,3618,6.027777777777769,107.72222222222423
0,547,103.00000000000003,3618,7.8611111111110965,115.6111111111131
0,548,95.41666666666664,3624,5.749999999999991,109.94444444444653
0,549,94.30555555555554,3624,5.30555555555555,110.3333333333354
0,550,106.41666666666664,3636,9.083333333333314,94.63888888889058
0,551,89.75000000000001,3642,7.166666666666653,97.83333333333509
0,552,100.0833333333333,3648,9.694444444444429,111.47222222222435
0,553,109.66666666666667,3678,3.944444444444443,124.41666666666903
0,554,103.74999999999997,3678,0.5833333333333333,127.58333333333574
0,555,117.5833333333333,3684,5.138888888888882,119.61111111111339
0,556,84.25000000000003,3684,8.472222222222207,117.91666666666876
0,557,95.05555555555554,3714,5.027777777777772,123.52777777778014
0,558,116.05555555555554,3714,7.555555555555539,108.69444444444642
0,559,107.27777777777776,3714,8.861111111111093,114.00000000000209
0,560,106.08333333333333,3714,5.499999999999993,128.6388888888912
0,561,109.22222222222223,3720,6.1388888888888795,110.11111111111312
0,562,87.44444444444444,3750,6.666666666666655,95.1111111111128
0,563,112.16666666666666,3786,6.944444444444433,84.75000000000138
0,564,108.41666666666669,3822,5.666666666666659,113.9444444444465
0,565,105.16666666666669,3822,6.8611111111111,111.25000000000212
0,566,86.91666666666663,3828,7.527777777777764,95.97222222222396
0,567,97.02777777777779,3846,6.777777777777766,103.91666666666836
0,568,101.05555555555553,3846,5.9444444444444375,99.50000000000163
0,569,97.30555555555553,3846,5.361111111111106,108.36111111111313
0,570,108.69444444444441,3846,6.1388888888888795,101.41666666666845
0,571,121.97222222222223,3846,5.138888888888885,122.16666666666902
0,572,111.86111111111107,3864,5.111111111111105,122.66666666666896
0,573,107.83333333333333,3876,8.249999999999984,119.86111111111336
0,574,106.97222222222219,3876,4.08333333333333,115.25000000000217
0,575,103.08333333333333,3876,5.944444444444436,112.94444444444649
0,576,99.83333333333334,3876,5.805555555555547,106.80555555555736
0,577,107.44444444444444,3894,4.055555555555553,88.33333333333486
0,578,106.88888888888889,3900,3.944444444444441,118.52777777778
0,579,110.16666666666666,3906,2.999999999999999,114.97222222222445
0,580,87.11111111111113,3936,6.583333333333322,116.08333333333547
0,581,110.22222222222221,3942,5.2777777777777715,120.47222222222457
0,582,111.44444444444447,3948,7.972222222222205,105.55555555555745
0,583,103.47222222222219,3948,6.333333333333322,109.11111111111299
0,584,102.08333333333334,3948,10.388888888888866,112.36111111111323
0,585,98.86111111111109,3948,7.222222222222207,125.91666666666907
0,586,100.63888888888886,3948,5.222222222222216,119.55555555555769
0,587,90.22222222222223,3954,7.166666666666654,120.58333333333569
0,588,91.69444444444441,3966,5.694444444444436,95.00000000000169
0,589,103.86111111111111,3984,6.999999999999989,105.83333333333529
0,590,83.30555555555556,3984,5.666666666666657,103.91666666666853
0,591,100.52777777777777,3990,3.916666666666665,117.08333333333553
0,592,101.97222222222221,4008,7.277777777777766,112.66666666666863
0,593,86.97222222222224,4116,6.4722222222222126,97.27777777777938
0,594,99.80555555555554,4140,7.583333333333318,102.94444444444618
0,595,110.22222222222221,4140,6.97222222222221,97.72222222222399
0,596,111.38888888888886,4140,5.99999999999999,95.52777777777948
0,597,112.91666666666666,4140,9.722222222222202,103.80555555555748
0,598,92.80555555555556,4140,8.249999999999984,113.30555555555766
0,599,111.36111111111111,4140,4.7777777777777715,128.2777777777803
0,600,77.52777777777777,4146,5.499999999999992,108.88888888889092
0,601,97.36111111111104,4146,6.944444444444434,130.6666666666691
0,602,79.94444444444444,4164,5.388888888888882,113.63888888889103
0,603,88.47222222222221,4170,6.9999999999999885,101.0000000000018
0,604,99.55555555555556,4176,6.138888888888879,111.16666666666856
0,605,102.91666666666667,4188,8.638888888888873,104.36111111111305
0,606,105.75000000000001,4212,5.055555555555549,106.1666666666686
0,607,104.61111111111113,4212,6.333333333333323,106.66666666666866
0,608,102.47222222222224,4212,6.416666666666657,101.50000000000179
0,609,82.1111111111111,4212,7.0833333333333215,117.36111111111295
0,610,85.61111111111114,4212,6.527777777777767,121.36111111111346
0,611,101.74999999999997,4218,7.027777777777765,90.72222222222372
0,612,91.47222222222221,4218,5.888888888888881,86.55555555555698
0,613,101.77777777777776,4218,6.8611111111111,108.33333333333532
0,614,102.25,4218,6.8333333333333215,98.41666666666845
0,615,118.02777777777783,4254,5.694444444444435,113.33333333333542
0,616,97.94444444444444,4254,7.361111111111098,124.63888888889127
0,617,101.0555555555556,4260,5.722222222222215,110.9722222222241
0,618,99.27777777777779,4266,7.2499999999999885,87.47222222222359
0,619,89.75000000000003,4266,7.5277777777777635,118.47222222222436
0,620,112.41666666666667,4278,8.111111111111095,104.86111111111299
0,621,109.94444444444441,4278,4.611111111111106,109.41666666666869
0,622,93.00000000000001,4278,2.305555555555556,103.44444444444623
0,623,102.47222222222219,4290,7.999999999999984,104.4444444444462
0,624,96.97222222222223,4308,6.111111111111103,101.61111111111289
0,625,105.22222222222226,4320,7.916666666666652,105.55555555555743
0,626,82.66666666666669,4320,6.4722222222222126,108.61111111111296
0,627,97.38888888888889,4380,5.249999999999993,110.80555555555762
0,628,100.75000000000001,4392,5.138888888888883,110.55555555555763
0,629,104.3333333333333,4398,4.805555555555552,120.08333333333553
0,630,112.61111111111109,4404,4.888888888888883,94.38888888889042
0,631,84.69444444444441,4404,5.694444444444437,106.86111111111309
0,632,109.19444444444447,4404,8.638888888888873,106.13888888889076
0,633,98.41666666666666,4404,5.944444444444437,131.138888888891
0,634,97.30555555555553,4410,6.333333333333325,111.50000000000202
0,635,89.72222222222221,4416,8.16666666666665,83.44444444444584
0,636,84.80555555555559,4452,3.9999999999999964,141.25000000000222
0,637,108.41666666666663,4458,7.305555555555543,100.94444444444632
0,638,108.05555555555554,4470,6.9166666666666545,108.47222222222419
0,639,104.16666666666669,4482,7.194444444444431,92.61111111111275
0,640,110.52777777777779,4488,5.194444444444438,104.22222222222415
0,641,106.52777777777779,4506,7.111111111111098,103.86111111111296
0,642,104.4722222222222,4512,8.41666666666665,106.11111111111308
0,643,99.61111111111109,4512,4.333333333333332,114.36111111111329
0,644,99.86111111111114,4536,5.916666666666659,96.3055555555571
0,645,93.75000000000003,4536,6.24999999999999,105.30555555555739
0,646,119.16666666666667,4542,8.499999999999984,106.25000000000198
0,647,100.97222222222221,4542,9.194444444444429,91.25000000000152
0,648,104.27777777777779,4560,4.111111111111109,114.05555555555756
0,649,103.88888888888893,4560,4.555555555555554,108.25000000000202
0,650,95.00000000000003,4566,3.5555555555555536,111.50000000000212
0,651,102.44444444444446,4566,4.749999999999995,117.75000000000229
0,652,106.27777777777779,4566,7.166666666666655,108.36111111111286
0,653,97.74999999999999,4566,6.611111111111101,128.0833333333358
0,654,114.69444444444444,4566,4.194444444444442,118.38888888889109
0,655,102.38888888888887,4572,6.555555555555545,121.19444444444676
0,656,88.33333333333339,4584,8.55555555555554,100.97222222222406
0,657,94.83333333333333,4602,6.6666666666666545,114.55555555555739
0,658,104.83333333333334,4620,7.194444444444431,106.25000000000195
0,659,102.19444444444446,4620,7.722222222222206,109.94444444444636
0,660,89.55555555555556,4626,9.77777777777776,123.41666666666902
0,661,113.75000000000001,4626,6.583333333333323,112.52777777777978
0,662,95.33333333333333,4626,8.30555555555554,111.22222222222432
0,663,112.19444444444447,4626,7.055555555555546,120.63888888889124
0,664,99.27777777777777,4626,5.527777777777771,112.52777777777983
0,665,112.4166666666667,4638,9.388888888888875,113.75000000000213
0,666,85.77777777777774,4644,8.722222222222207,100.22222222222396
0,667,96.6111111111111,4644,5.91666666666666,132.47222222222442
0,668,96.22222222222219,4656,6.111111111111103,93.16666666666828
0,669,89.80555555555556,4662,5.444444444444439,132.94444444444676
0,670,79.72222222222221,4662,7.972222222222206,110.5555555555575
0,671,110.8055555555556,4704,9.055555555555538,100.63888888889069
0,672,89.19444444444443,4746,5.111111111111105,117.00000000000206
0,673,91.27777777777776,4752,8.999999999999986,101.86111111111288
0,674,96.86111111111111,4752,6.222222222222213,86.86111111111238
0,675,107.77777777777777,4758,6.8333333333333215,112.30555555555763
0,676,86.74999999999997,4782,5.277777777777772,100.30555555555733
0,677,102.08333333333334,4806,4.444444444444443,98.30555555555725
0,678,88.75000000000001,4818,7.388888888888875,113.13888888889093
0,679,86.19444444444446,4818,4.6666666666666625,116.30555555555773
0,680,110.83333333333331,4818,8.55555555555554,123.61111111111344
0,681,102.8611111111111,4818,7.388888888888876,101.05555555555742
0,682,94.47222222222221,4818,7.138888888888877,137.88888888889093
0,683,111.80555555555557,4818,7.7777777777777635,94.30555555555722
0,684,93.2222222222222,4836,3.9999999999999982,121.88888888889119
0,685,95.22222222222221,4836,4.083333333333331,123.16666666666889
0,686,97.22222222222224,4836,7.7777777777777635,118.30555555555777
0,687,102.80555555555554,4836,3.083333333333334,134.16666666666882
0,688,115.44444444444449,4854,13.111111111111082,85.38888888889018
0,689,96.91666666666667,4854,6.02777777777777,123.52777777778022
0,690,77.8888888888889,4854,6.8333333333333215,103.30555555555738
0,691,91.47222222222219,4860,5.388888888888884,116.13888888889105
0,692,91.83333333333337,4878,7.22222222222221,122.1111111111135
0,693,115.88888888888889,4890,11.13888888888887,83.7500000000014
0,694,109.80555555555557,4890,5.194444444444437,114.91666666666889
0,695,92.13888888888889,4890,6.583333333333322,106.2777777777797
0,696,97.19444444444441,4890,7.749999999999985,132.88888888889124
0,697,101.72222222222221,4890,3.194444444444444,118.13888888889106
0,698,93.86111111111111,4890,5.083333333333327,115.0000000000021
0,699,122.11111111111109,4890,3.8055555555555522,97.083333333335
0,700,103.05555555555556,4890,5.805555555555548,103.16666666666855
0,701,89.52777777777779,4890,4.2222222222222205,118.3611111111134
0,702,100.55555555555557,4908,4.833333333333329,108.63888888889089
0,703,108.91666666666669,4914,8.30555555555554,108.55555555555755
0,704,118.77777777777777,4920,5.944444444444434,115.94444444444662
0,705,99.13888888888891,4926,6.388888888888878,108.58333333333533
0,706,92.97222222222223,4938,4.888888888888885,119.8333333333356
0,707,111.74999999999997,4938,7.249999999999987,116.86111111111335
0,708,101.7222222222222,4944,5.861111111111104,111.0833333333354
0,709,93.44444444444447,4974,6.194444444444436,120.47222222222436
0,710,95.02777777777783,4986,8.194444444444429,104.27777777777956
0,711,105.97222222222221,5004,9.74999999999998,116.69444444444669
0,712,87.49999999999999,5004,8.027777777777763,110.66666666666866
0,713,87.69444444444447,5010,6.6111111111111,129.0833333333357
0,714,114.08333333333331,5010,5.166666666666662,128.08333333333576
0,715,111.02777777777776,5010,6.972222222222208,118.47222222222449
0,716,132.99999999999997,5010,2.4999999999999996,116.61111111111323
0,717,119.5277777777778,5022,14.861111111111088,97.33333333333509
0,718,107.88888888888887,5022,3.3611111111111094,101.3888888888907
0,719,95.13888888888891,5046,5.277777777777772,111.52777777777969
0,720,105.16666666666667,5070,7.388888888888876,107.1111111111131
0,721,105.24999999999999,5100,5.472222222222215,109.80555555555758
0,722,91.58333333333333,5106,5.861111111111102,111.13888888889092
0,723,104.22222222222223,5106,5.05555555555555,113.11111111111322
0,724,99.91666666666663,5118,2.027777777777778,118.13888888889113
0,725,108.83333333333333,5118,8.611111111111097,109.61111111111319
0,726,101.94444444444444,5118,4.444444444444442,106.861111111113
0,727,109.33333333333336,5136,8.499999999999984,100.33333333333516
0,728,103.58333333333331,5136,8.916666666666648,117.94444444444673
0,729,104.99999999999999,5142,7.666666666666652,127.58333333333579
0,730,116.75,5178,4.027777777777776,120.61111111111336
0,731,99.33333333333331,5178,7.91666666666665,111.86111111111306
0,732,108.02777777777781,5190,6.361111111111102,112.19444444444648
0,733,99.25000000000001,5190,5.555555555555549,122.2500000000022
0,734,119.36111111111111,5190,4.69444444444444,115.75000000000215
0,735,99.50000000000001,5190,7.249999999999988,98.25000000000168
0,736,107.19444444444446,5190,9.444444444444427,115.91666666666887
0,737,98.41666666666669,5190,6.083333333333324,109.33333333333537
0,738,95.86111111111111,5190,7.22222222222221,104.58333333333526
0,739,90.30555555555554,5202,6.305555555555546,130.7222222222244
0,740,84.63888888888887,5202,6.4722222222222126,119.72222222222445
0,741,100.86111111111107,5202,6.361111111111101,113.63888888889097
0,742,130.0277777777778,5202,5.388888888888883,118.02777777777999
0,743,104.38888888888889,5202,7.722222222222207,108.55555555555748
0,744,98.44444444444446,5202,6.111111111111103,114.91666666666887
0,745,92.52777777777777,5202,4.416666666666663,99.0000000000018
0,746,101.16666666666667,5202,6.333333333333322,118.69444444444669
0,747,109.72222222222221,5202,8.41666666666665,117.25000000000203
0,748,105.88888888888887,5208,8.222222222222207,109.11111111111305
0,749,119.19444444444444,5208,6.777777777777766,105.19444444444636
0,750,107.27777777777774,5220,6.166666666666657,113.00000000000207
0,751,90.08333333333334,5232,4.944444444444439,111.00000000000193
0,752,103.77777777777777,5238,3.222222222222221,119.58333333333547
0,753,98.30555555555554,5244,3.472222222222222,125.27777777778013
0,754,89.08333333333336,5250,4.555555555555553,120.44444444444669
0,755,104.94444444444443,5250,4.2499999999999964,113.66666666666879
0,756,112.38888888888891,5256,5.305555555555549,113.8333333333354
0,757,113.47222222222224,5304,6.888888888888876,115.55555555555776
0,758,94.22222222222221,5304,7.583333333333319,99.94444444444626
0,759,101.44444444444446,5310,7.388888888888876,112.16666666666863
0,760,80.94444444444444,5334,3.999999999999999,124.38888888889117
0,761,95.8888888888889,5334,4.6666666666666625,114.77777777777979
0,762,91.1388888888889,5346,3.5833333333333313,98.72222222222403
0,763,99.08333333333334,5358,6.222222222222213,108.47222222222419
0,764,86.58333333333334,5358,3.6666666666666656,112.16666666666846
0,765,92.44444444444447,5358,6.24999999999999,124.52777777778012
0,766,108.16666666666667,5364,10.277777777777759,106.66666666666868
0,767,108.27777777777777,5364,6.027777777777769,117.30555555555779
0,768,99.16666666666669,5376,9.638888888888872,106.11111111111308
0,769,125.0833333333333,5382,7.19444444444443,118.13888888889115
0,770,100.08333333333329,5412,6.472222222222212,113.50000000000216
0,771,120.22222222222219,5412,6.833333333333321,109.63888888889086
0,772,112.25000000000004,5412,8.05555555555554,97.2222222222238
0,773,105.05555555555554,5412,5.91666666666666,140.75000000000207
0,774,100.0,5424,6.888888888888876,112.66666666666872
0,775,108.27777777777779,5424,7.666666666666652,117.25000000000227
0,776,87.3611111111111,5424,5.4444444444444375,101.83333333333493
0,777,96.3611111111111,5424,8.416666666666652,90.27777777777935
0,778,112.33333333333333,5424,8.166666666666652,103.1388888888907
0,779,98.11111111111109,5430,4.472222222222219,123.6388888888913
0,780,97.58333333333327,5472,8.388888888888873,108.66666666666869
0,781,102.1111111111111,5478,4.249999999999998,110.7222222222243
0,782,86.22222222222221,5478,8.527777777777764,116.94444444444642
0,783,97.41666666666667,5484,6.0833333333333215,101.72222222222399
0,784,92.30555555555556,5484,2.3611111111111107,119.66666666666883
0,785,97.72222222222224,5484,3.694444444444443,123.80555555555789
0,786,103.13888888888891,5490,3.1944444444444446,103.25000000000176
0,787,104.75000000000003,5496,6.8611111111111,108.00000000000202
0,788,116.27777777777779,5508,10.083333333333316,104.97222222222413
0,789,95.30555555555553,5550,4.444444444444441,111.94444444444642
0,790,116.86111111111111,5550,8.972222222222209,119.47222222222446
0,791,123.47222222222224,5562,2.138888888888889,120.69444444444676
0,792,93.5277777777778,5562,11.24999999999998,107.61111111111308
0,793,117.24999999999997,5592,5.555555555555549,125.08333333333579
0,794,91.74999999999999,5592,5.638888888888882,103.02777777777963
0,795,99.94444444444443,5592,4.638888888888883,120.00000000000232
0,796,95.33333333333336,5592,7.499999999999986,118.86111111111333
0,797,108.08333333333337,5640,4.138888888888888,136.4444444444467
0,798,98.33333333333336,5652,7.472222222222207,119.38888888889112
0,799,114.63888888888891,5652,6.555555555555545,110.00000000000195
0,800,93.47222222222224,5652,3.583333333333331,130.52777777778007
0,801,96.5277777777778,5652,6.611111111111102,113.44444444444633
0,802,94.97222222222219,5658,8.611111111111097,106.50000000000183
0,803,101.69444444444446,5658,9.333333333333316,106.05555555555753
0,804,108.33333333333331,5658,5.027777777777772,113.44444444444642
0,805,104.13888888888889,5670,3.8611111111111085,118.41666666666895
0,806,93.38888888888891,5676,6.0555555555555465,110.19444444444645
0,807,104.22222222222221,5700,6.3055555555555465,114.63888888889107
0,808,102.38888888888887,5718,5.388888888888884,118.94444444444659
0,809,88.97222222222224,5718,6.8333333333333215,119.72222222222446
0,810,101.97222222222224,5748,7.305555555555542,110.02777777777985
0,811,110.11111111111109,5778,5.249999999999994,119.88888888889107
0,812,79.63888888888887,5790,5.1944444444444375,107.94444444444646
0,813,111.16666666666666,5808,7.555555555555542,110.1111111111129
0,814,104.2777777777778,5808,4.555555555555553,104.22222222222396
0,815,98.58333333333334,5832,5.388888888888883,107.55555555555746
0,816,97.97222222222223,5832,10.52777777777776,111.02777777777987
0,817,116.74999999999999,5832,6.4166666666666545,105.97222222222419
0,818,109.86111111111107,5838,6.722222222222212,102.97222222222396
0,819,92.41666666666669,5850,5.41666666666666,100.19444444444615
0,820,107.33333333333336,5850,4.722222222222217,115.22222222222442
0,821,105.2777777777778,5856,7.0833333333333215,99.58333333333502
0,822,118.16666666666669,5856,5.9444444444444375,111.13888888889095
0,823,92.97222222222221,5856,3.416666666666666,116.75000000000219
0,824,96.52777777777783,5856,4.249999999999998,120.33333333333559
0,825,107.9722222222222,5856,2.972222222222221,114.66666666666885
0,826,96.69444444444441,5880,7.499999999999987,89.63888888889045
0,827,110.61111111111109,5880,7.8611111111110965,86.16666666666804
0,828,90.25000000000003,5880,8.499999999999984,89.77777777777926
0,829,98.13888888888887,5880,7.861111111111096,119.30555555555786
0,830,97.91666666666661,5892,7.80555555555554,104.91666666666846
0,831,117.41666666666664,5904,5.999999999999992,124.0000000000023
0,832,80.94444444444441,5928,4.861111111111105,113.80555555555766
0,833,108.75000000000001,5940,5.749999999999991,114.5555555555577
0,834,113.08333333333336,5946,5.222222222222215,105.80555555555748
0,835,110.80555555555556,5964,6.9166666666666545,125.08333333333562
0,836,98.2222222222222,5964,8.388888888888872,115.50000000000213
0,837,97.38888888888884,5982,3.86111111111111,108.9444444444464
0,838,120.58333333333336,5988,5.499999999999995,112.88888888889085
0,839,111.9722222222222,5988,8.472222222222207,109.55555555555763
0,840,97.66666666666666,6006,7.666666666666653,106.36111111111308
0,841,101.88888888888887,6024,5.361111111111105,120.91666666666896
0,842,102.94444444444441,6024,6.555555555555546,106.86111111111312
0,843,102.97222222222223,6024,10.194444444444427,91.27777777777924
0,844,111.1111111111111,6030,5.305555555555548,119.97222222222449
0,845,104.61111111111109,6042,4.166666666666664,112.33333333333533
0,846,86.00000000000001,6090,7.2777777777777635,110.50000000000209
0,847,102.36111111111113,6150,6.333333333333324,122.6111111111135
0,848,85.9444444444445,6150,4.33333333333333,110.94444444444646
0,849,99.38888888888891,6156,5.111111111111106,97.66666666666835
0,850,95.97222222222223,6156,4.499999999999994,106.08333333333526
0,851,115.63888888888886,6162,10.305555555555536,98.47222222222385
0,852,89.2777777777778,6162,6.888888888888878,118.72222222222449
0,853,100.52777777777777,6168,5.249999999999993,122.38888888889117
0,854,102.75,6186,9.249999999999986,86.69444444444594
0,855,106.02777777777777,6186,7.805555555555539,85.97222222222366
0,856,106.94444444444443,6192,6.499999999999989,106.50000000000199
0,857,114.69444444444446,6192,7.027777777777765,101.63888888889069
0,858,104.91666666666664,6192,7.555555555555541,114.6111111111133
0,859,109.44444444444441,6192,5.972222222222213,128.3333333333356
0,860,91.13888888888889,6192,7.22222222222221,108.72222222222419
0,861,106.22222222222223,6216,9.05555555555554,104.38888888889066
0,862,113.77777777777776,6312,5.805555555555547,102.22222222222412
0,863,100.16666666666669,6312,5.388888888888882,98.44444444444612
0,864,106.88888888888891,6318,7.22222222222221,121.72222222222459
0,865,90.55555555555556,6324,10.472222222222204,109.8055555555576
0,866,101.38888888888889,6324,5.8888888888888795,115.55555555555758
0,867,97.22222222222226,6342,8.222222222222205,93.91666666666832
0,868,114.05555555555556,6342,9.194444444444427,115.6388888888911
0,869,90.08333333333333,6342,7.611111111111097,117.77777777778005
0,870,98.63888888888889,6348,6.555555555555545,122.58333333333574
0,871,98.80555555555556,6426,6.444444444444435,105.88888888889056
0,872,95.36111111111106,6456,3.388888888888887,119.3888888888912
0,873,83.97222222222221,6456,5.666666666666658,105.02777777777963
0,874,106.08333333333334,6456,5.77777777777777,94.72222222222392
0,875,97.8888888888889,6456,4.5833333333333295,111.66666666666868
0,876,103.55555555555554,6480,5.1111111111111045,125.0000000000023
0,877,90.55555555555557,6498,7.416666666666651,111.91666666666869
0,878,93.44444444444446,6498,8.499999999999984,108.97222222222423
0,879,90.66666666666667,6498,6.166666666666657,112.08333333333536
0,880,106.27777777777773,6510,8.277777777777763,106.11111111111295
0,881,106.36111111111109,6552,5.249999999999995,106.94444444444622
0,882,110.61111111111113,6552,5.305555555555549,100.86111111111283
0,883,90.41666666666667,6552,8.99999999999998,113.30555555555767
0,884,105.3888888888889,6552,11.166666666666647,108.52777777777975
0,885,100.91666666666666,6558,5.666666666666659,131.00000000000233
0,886,83.22222222222221,6558,5.2777777777777715,117.72222222222429
0,887,95.77777777777776,6558,8.249999999999984,109.55555555555763
0,888,91.13888888888887,6570,5.6944444444444375,91.61111111111254
0,889,102.36111111111113,6570,8.333333333333318,97.00000000000176
0,890,95.33333333333331,6570,7.999999999999985,117.36111111111335
0,891,101.49999999999999,6576,6.749999999999989,119.25000000000227
0,892,108.30555555555556,6576,4.7499999999999964,118.66666666666893
0,893,95.22222222222221,6594,5.027777777777773,100.55555555555732
0,894,94.63888888888891,6594,4.527777777777775,131.4722222222246
0,895,101.97222222222223,6606,5.749999999999992,106.47222222222415
0,896,99.0,6636,5.833333333333325,108.88888888889095
0,897,93.02777777777777,6636,7.1666666666666545,120.50000000000234
0,898,113.75000000000004,6636,11.02777777777776,110.05555555555755
0,899,92.72222222222223,6654,5.611111111111104,110.55555555555739
0,900,84.6666666666667,6678,5.222222222222216,120.13888888889116
0,901,90.11111111111111,6684,7.80555555555554,99.02777777777952
0,902,104.44444444444444,6702,7.277777777777764,96.80555555555729
0,903,108.36111111111113,6714,7.638888888888873,116.5555555555576
0,904,103.30555555555554,6720,10.611111111111095,116.33333333333546
0,905,98.66666666666667,6720,4.777777777777772,109.47222222222427
0,906,93.38888888888886,6720,6.444444444444435,105.83333333333522
0,907,95.11111111111109,6726,4.555555555555552,113.94444444444635
0,908,97.69444444444443,6726,9.111111111111097,126.63888888889117
0,909,112.19444444444441,6732,4.499999999999998,117.22222222222447
0,910,126.74999999999997,6756,2.1666666666666665,133.69444444444684
0,911,93.19444444444444,6756,12.58333333333331,117.1944444444466
0,912,96.11111111111111,6762,10.305555555555536,106.33333333333529
0,913,91.13888888888887,6774,5.305555555555548,119.1111111111132
0,914,92.16666666666666,6792,7.749999999999986,136.0833333333354
0,915,113.19444444444444,6792,4.861111111111106,127.00000000000242
0,916,113.86111111111109,6798,8.638888888888873,111.22222222222435
0,917,117.97222222222221,6810,6.333333333333323,101.86111111111285
0,918,117.3333333333333,6810,7.138888888888878,127.97222222222474
0,919,99.30555555555557,6852,1.9444444444444446,113.61111111111309
0,920,87.44444444444449,6924,6.6111111111111,119.94444444444639
0,921,104.72222222222223,6930,7.8611111111110965,135.69444444444667
0,922,108.58333333333336,6930,5.111111111111106,112.22222222222413
0,923,99.05555555555553,6930,7.805555555555541,113.91666666666862
0,924,118.58333333333331,6930,7.277777777777764,118.83333333333556
0,925,102.80555555555556,6930,6.166666666666658,114.25000000000209
0,926,81.25000000000001,6930,7.194444444444432,117.77777777778005
0,927,95.63888888888884,6930,5.8055555555555465,119.86111111111344
0,928,109.38888888888884,6930,2.3333333333333335,135.2777777777802
0,929,93.13888888888891,6930,7.555555555555542,103.52777777777966
0,930,106.38888888888887,6930,8.611111111111097,104.80555555555735
0,931,100.80555555555556,6930,3.0555555555555545,113.38888888889079
0,932,113.86111111111113,6930,9.66666666666665,104.19444444444629
0,933,120.27777777777779,6930,6.416666666666656,88.30555555555699
0,934,82.11111111111111,6930,5.05555555555555,115.27777777777987
0,935,99.16666666666669,6960,6.388888888888879,124.33333333333577
0,936,84.74999999999999,6960,5.972222222222215,121.91666666666897
0,937,100.80555555555553,6984,9.305555555555538,90.75000000000159
0,938,106.36111111111119,7026,8.416666666666648,109.0555555555576
0,939,102.44444444444447,7032,5.8888888888888795,127.8611111111136
0,940,99.91666666666667,7032,4.888888888888884,102.8333333333351
0,941,104.24999999999999,7032,6.583333333333322,125.25000000000234
0,942,93.47222222222223,7032,2.3888888888888884,125.44444444444682
0,943,97.47222222222224,7038,6.055555555555548,118.66666666666865
0,944,91.61111111111109,7056,5.499999999999994,124.00000000000243
0,945,98.75,7080,5.194444444444439,122.30555555555794
0,946,88.72222222222223,7092,7.666666666666654,103.86111111111286
0,947,92.41666666666667,7092,10.999999999999986,99.91666666666848
0,948,96.19444444444446,7110,8.305555555555541,108.94444444444633
0,949,88.72222222222217,7128,6.111111111111102,121.30555555555783
0,950,95.91666666666664,7128,6.305555555555546,110.02777777777985
0,951,85.3888888888889,7134,5.472222222222215,110.58333333333545
0,952,101.33333333333337,7146,9.58333333333332,115.11111111111329
0,953,94.1388888888889,7152,4.333333333333332,110.5833333333353
0,954,111.94444444444446,7158,4.80555555555555,121.50000000000236
0,955,113.08333333333327,7158,5.611111111111105,116.16666666666882
0,956,98.69444444444446,7158,4.277777777777776,132.8333333333357
0,957,109.38888888888883,7182,6.944444444444434,122.25000000000225
0,958,99.69444444444444,7182,7.611111111111097,109.86111111111308
0,959,103.58333333333331,7200,4.361111111111109,103.52777777777965
0,960,100.9166666666667,7218,7.3333333333333215,106.86111111111309
0,961,93.08333333333333,7224,6.5833333333333215,115.19444444444648
0,962,104.41666666666667,7242,12.38888888888887,110.1944444444465
0,963,95.86111111111109,7248,7.444444444444431,127.91666666666917
0,964,90.77777777777779,7248,7.6944444444444295,122.63888888889126
0,965,94.63888888888889,7248,7.999999999999985,107.72222222222426
0,966,98.88888888888893,7248,6.7499999999999885,102.22222222222406
0,967,76.69444444444443,7254,5.833333333333324,135.2777777777802
0,968,76.33333333333334,7278,8.499999999999986,120.7222222222245
0,969,107.11111111111111,7290,6.83333333333332,124.27777777778005
0,970,97.33333333333327,7290,7.999999999999985,115.52777777778
0,971,88.52777777777779,7290,8.80555555555554,105.44444444444639
0,972,103.4444444444444,7344,5.4444444444444375,111.00000000000213
0,973,112.22222222222226,7368,4.277777777777776,122.0000000000024
0,974,102.00000000000006,7380,7.22222222222221,130.52777777778022
0,975,118.91666666666669,7380,4.69444444444444,110.97222222222432
0,976,115.44444444444446,7386,4.388888888888887,102.41666666666855
0,977,109.5833333333333,7398,5.694444444444437,94.94444444444613
0,978,100.38888888888886,7404,10.24999999999998,119.05555555555786
0,979,105.36111111111111,7416,8.777777777777759,103.16666666666859
0,980,109.77777777777779,7422,6.999999999999989,108.27777777777982
0,981,107.58333333333339,7422,8.888888888888873,111.77777777777989
0,982,92.36111111111114,7422,5.138888888888886,123.94444444444687
0,983,88.66666666666669,7422,6.1388888888888795,129.25000000000247
0,984,82.58333333333336,7422,8.999999999999982,106.27777777777976
0,985,119.19444444444443,7422,3.2777777777777777,117.47222222222447
0,986,106.41666666666669,7422,5.972222222222212,112.83333333333546
0,987,115.36111111111113,7440,7.888888888888873,123.61111111111353
0,988,100.08333333333331,7458,8.77777777777776,107.16666666666869
0,989,100.44444444444449,7578,6.972222222222209,126.36111111111359
0,990,110.94444444444441,7584,7.7777777777777635,123.41666666666906
0,991,97.47222222222224,7584,6.277777777777769,114.3333333333355
0,992,111.1388888888889,7590,6.3055555555555465,129.44444444444693
0,993,92.13888888888886,7608,5.777777777777771,110.41666666666873
0,994,117.19444444444446,7638,4.4999999999999964,113.16666666666882
0,995,108.77777777777777,7638,8.69444444444443,98.0833333333351
0,996,103.74999999999999,7650,5.194444444444438,112.19444444444657
0,997,116.30555555555557,7650,9.805555555555536,112.83333333333547
0,998,141.58333333333334,7662,5.277777777777771,120.61111111111342
0,999,122.05555555555557,7662,5.5277777777777715,134.58333333333564
0,1000,108.50000000000001,7662,5.777777777777771,127.41666666666916
1,1,25.916666666666668,0,8.277777777777763,17.49999999999998
1,2,33.277777777777786,0,6.2222222222222126,17.77777777777778
1,3,36.166666666666664,0,6.499999999999988,16.222222222222204
1,4,31.25,0,11.805555555555538,18.38888888888889
1,5,43.91666666666667,0,5.222222222222218,18.861111111111114
1,6,36.0,0,5.388888888888883,19.083333333333332
1,7,37.58333333333334,0,6.888888888888877,17.74999999999999
1,8,38.49999999999999,0,10.138888888888873,12.083333333333318
1,9,38.91666666666668,0,10.861111111111093,15.305555555555538
1,10,37.722222222222236,0,3.4444444444444424,13.88888888888887
1,11,38.97222222222222,0,6.444444444444435,13.916666666666648
1,12,33.16666666666667,0,6.361111111111104,18.305555555555557
1,13,46.63888888888891,0,6.527777777777767,13.944444444444423
1,14,32.02777777777777,0,7.6944444444444295,15.444444444444429
1,15,43.166666666666664,0,5.1111111111111045,13.833333333333314
1,16,35.13888888888889,0,7.305555555555541,18.249999999999996
1,17,30.944444444444454,0,9.41666666666665,16.111111111111097
1,18,42.11111111111113,0,8.083333333333316,17.999999999999996
1,19,41.66666666666667,0,5.555555555555548,15.94444444444442
1,20,41.69444444444444,0,8.999999999999986,14.638888888888864
1,21,41.666666666666686,0,9.638888888888872,12.80555555555554
1,22,43.805555555555564,0,14.361111111111095,11.277777777777757
1,23,36.44444444444445,0,7.027777777777766,18.44444444444445
1,24,36.361111111111114,0,7.999999999999985,13.361111111111093
1,25,38.08333333333333,0,11.694444444444427,12.166666666666648
1,26,37.861111111111114,0,7.916666666666653,17.027777777777775
1,27,33.66666666666668,0,5.416666666666661,13.499999999999979
1,28,40.22222222222225,0,10.972222222222205,18.027777777777764
1,29,41.69444444444444,0,4.9166666666666625,10.916666666666647
1,30,41.249999999999986,0,5.833333333333324,15.388888888888866
1,31,34.47222222222221,0,6.3055555555555465,14.833333333333316
1,32,43.13888888888889,0,11.611111111111093,17.55555555555554
1,33,31.722222222222232,0,9.694444444444427,13.749999999999984
1,34,36.44444444444445,0,5.44444444444444,18.69444444444446
1,35,41.3888888888889,0,5.999999999999991,17.86111111111111
1,36,36.83333333333333,0,6.194444444444436,13.055555555555532
1,37,38.63888888888888,0,10.194444444444425,14.138888888888872
1,38,30.750000000000007,0,5.861111111111102,17.444444444444425
1,39,35.83333333333333,0,6.194444444444437,18.472222222222225
1,40,31.999999999999993,0,10.499999999999982,10.777777777777763
1,41,37.80555555555557,0,6.166666666666659,17.55555555555554
1,42,43.63888888888889,0,7.44444444444443,16.47222222222219
1,43,40.52777777777778,0,10.74999999999998,18.138888888888886
1,44,38.25000000000001,0,11.972222222222205,15.08333333333332
1,45,34.05555555555556,0,10.999999999999979,10.944444444444425
1,46,41.55555555555556,0,7.694444444444429,16.74999999999999
1,47,36.33333333333334,0,9.527777777777759,11.972222222222202
1,48,41.6388888888889,0,6.138888888888879,13.055555555555538
1,49,31.72222222222222,0,8.944444444444429,16.166666666666647
1,50,36.361111111111114,0,7.194444444444431,11.749999999999979
1,51,27.63888888888889,0,4.388888888888886,16.777777777777757
1,52,35.86111111111112,0,8.444444444444429,16.66666666666665
1,53,29.22222222222223,0,6.999999999999988,13.249999999999982
1,54,35.305555555555564,0,8.611111111111097,12.388888888888866
1,55,34.55555555555556,0,6.583333333333321,17.138888888888882
1,56,37.22222222222222,0,10.027777777777759,17.277777777777764
1,57,37.22222222222223,0,8.583333333333316,16.583333333333318
1,58,38.72222222222222,0,6.499999999999989,16.94444444444443
1,59,36.91666666666667,0,8.138888888888873,13.999999999999986
1,60,42.22222222222223,0,10.833333333333318,16.249999999999986
1,61,36.77777777777778,0,9.80555555555554,13.861111111111091
1,62,28.44444444444444,0,7.833333333333318,14.361111111111086
1,63,34.833333333333336,0,7.555555555555542,9.749999999999979
1,64,41.11111111111112,0,10.472222222222204,15.166666666666643
1,65,37.222222222222214,0,9.722222222222204,11.16666666666665
1,66,36.11111111111112,0,4.555555555555552,14.99999999999999
1,67,43.63888888888889,0,10.444444444444429,16.055555555555536
1,68,36.833333333333314,0,7.388888888888874,18.94444444444445
1,69,48.777777777777786,0,7.833333333333318,9.83333333333332
1,70,44.333333333333336,0,9.972222222222207,17.611111111111104
1,71,36.38888888888889,0,8.666666666666652,17.194444444444432
1,72,36.000000000000014,0,9.05555555555554,15.999999999999972
1,73,34.166666666666664,0,9.083333333333316,17.194444444444432
1,74,36.97222222222223,0,5.277777777777772,13.222222222222209
1,75,34.75000000000001,0,8.944444444444429,9.88888888888887
1,76,45.50000000000001,0,9.194444444444429,14.333333333333309
1,77,31.16666666666667,0,8.27777777777776,16.083333333333318
1,78,39.77777777777779,0,5.999999999999993,13.472222222222198
1,79,34.69444444444446,0,10.972222222222205,17.27777777777776
1,80,35.3888888888889,0,7.888888888888873,15.111111111111088
1,81,37.27777777777778,0,9.472222222222204,15.305555555555532
1,82,39.361111111111114,0,8.499999999999984,14.305555555555541
1,83,35.11111111111112,0,9.388888888888872,17.083333333333314
1,84,40.33333333333335,0,5.88888888888888,18.41666666666667
1,85,34.16666666666667,0,6.694444444444434,16.472222222222207
1,86,35.22222222222223,0,5.361111111111105,18.888888888888893
1,87,36.69444444444445,0,11.05555555555554,18.777777777777768
1,88,37.19444444444445,0,10.361111111111091,20.499999999999996
1,89,32.916666666666664,0,13.361111111111086,13.222222222222204
1,90,44.6388888888889,0,10.999999999999986,15.944444444444423
1,91,39.80555555555557,0,7.138888888888875,18.58333333333333
1,92,52.4722222222222,0,9.611111111111095,11.888888888888868
1,93,37.22222222222223,0,10.472222222222204,15.86111111111109
1,94,43.166666666666664,0,9.083333333333316,18.888888888888896
1,95,34.11111111111111,0,5.888888888888881,15.9722222222222
1,96,36.94444444444446,0,5.861111111111104,15.694444444444427
1,97,39.91666666666668,0,12.888888888888866,10.111111111111095
1,98,38.22222222222222,0,6.944444444444433,14.444444444444427
1,99,36.25,0,7.08333333333332,16.583333333333314
1,100,45.27777777777778,0,8.861111111111097,17.333333333333314
1,101,36.66666666666668,0,9.63888888888887,12.555555555555532
1,102,31.027777777777775,0,7.611111111111098,16.611111111111086
1,103,38.222222222222236,0,6.694444444444434,20.916666666666668
1,104,38.41666666666667,0,6.944444444444431,18.47222222222222
1,105,40.69444444444444,0,6.6111111111111,18.833333333333343
1,106,35.833333333333336,0,7.194444444444432,14.749999999999977
1,107,36.194444444444436,0,8.555555555555541,21.861111111111136
1,108,31.75,0,8.194444444444429,17.416666666666647
1,109,30.33333333333333,0,10.222222222222202,20.916666666666668
1,110,47.24999999999999,0,8.111111111111095,16.166666666666647
1,111,37.47222222222222,0,7.166666666666654,19.3611111111111
1,112,35.44444444444444,0,6.944444444444432,14.166666666666647
1,113,43.08333333333334,0,11.388888888888872,12.194444444444427
1,114,35.77777777777778,0,10.63888888888887,17.638888888888882
1,115,39.66666666666667,0,4.8333333333333295,15.249999999999986
1,116,40.83333333333336,0,6.694444444444434,17.63888888888888
1,117,36.08333333333333,0,5.9722222222222126,16.38888888888888
1,118,31.611111111111118,0,10.499999999999982,15.249999999999972
1,119,40.63888888888891,0,8.833333333333318,19.416666666666664
1,120,39.16666666666666,0,5.08333333333333,22.11111111111114
1,121,36.166666666666664,0,9.916666666666647,10.88888888888887
1,122,36.388888888888886,0,8.861111111111093,18.499999999999993
1,123,33.97222222222222,0,11.24999999999998,13.611111111111091
1,124,36.33333333333335,0,8.666666666666652,16.08333333333331
1,125,40.000000000000014,0,6.249999999999991,17.749999999999982
1,126,47.77777777777778,0,5.388888888888881,18.86111111111111
1,127,33.166666666666664,0,12.91666666666665,13.055555555555534
1,128,35.08333333333333,0,11.055555555555534,19.805555555555564
1,129,44.805555555555564,0,6.805555555555545,16.41666666666665
1,130,37.277777777777786,0,6.7499999999999885,19.3611111111111
1,131,33.61111111111111,0,6.111111111111103,22.861111111111136
1,132,34.55555555555556,0,12.833333333333313,17.583333333333318
1,133,39.83333333333333,36,11.861111111111095,23.08333333333334
1,134,38.27777777777778,36,13.111111111111088,28.555555555555586
1,135,44.50000000000001,36,6.1388888888888795,28.444444444444464
1,136,39.36111111111112,36,9.861111111111097,31.611111111111157
1,137,39.33333333333333,54,8.722222222222207,19.277777777777768
1,138,36.888888888888886,54,7.527777777777765,28.972222222222243
1,139,35.750000000000014,54,9.416666666666652,19.249999999999996
1,140,36.63888888888889,54,7.08333333333332,24.249999999999982
1,141,34.638888888888886,54,10.944444444444429,22.861111111111136
1,142,44.25,60,7.333333333333319,18.083333333333353
1,143,38.77777777777777,60,6.722222222222212,20.41666666666668
1,144,44.44444444444444,60,12.361111111111095,18.305555555555568
1,145,35.91666666666666,60,7.333333333333321,18.388888888888886
1,146,50.138888888888886,60,7.027777777777766,20.027777777777775
1,147,42.22222222222223,66,10.88888888888887,21.69444444444447
1,148,38.88888888888889,66,10.694444444444427,17.194444444444436
1,149,34.94444444444444,66,6.333333333333323,19.472222222222214
1,150,43.8888888888889,66,9.888888888888872,23.805555555555543
1,151,41.36111111111111,66,7.388888888888877,30.527777777777825
1,152,35.52777777777778,66,7.416666666666653,20.527777777777768
1,153,49.416666666666664,96,9.444444444444427,26.638888888888882
1,154,50.500000000000036,114,9.166666666666648,25.972222222222232
1,155,47.08333333333334,114,6.4999999999999885,26.77777777777778
1,156,34.58333333333334,114,4.999999999999996,25.833333333333353
1,157,42.6388888888889,138,11.694444444444427,21.861111111111093
1,158,45.666666666666664,138,10.83333333333332,28.722222222222225
1,159,46.91666666666666,138,4.611111111111106,39.11111111111135
1,160,39.16666666666667,150,7.638888888888875,29.388888888888918
1,161,46.333333333333336,150,7.1666666666666545,31.333333333333364
1,162,49.41666666666667,150,7.8611111111110965,29.27777777777781
1,163,50.527777777777786,174,9.111111111111097,46.77777777777825
1,164,66.3888888888889,174,6.361111111111101,46.66666666666696
1,165,71.88888888888886,186,8.361111111111097,37.0555555555556
1,166,58.555555555555564,192,8.972222222222205,41.77777777777793
1,167,68.69444444444444,192,8.444444444444429,33.638888888888815
1,168,46.22222222222223,192,5.138888888888884,43.97222222222243
1,169,57.833333333333336,192,10.88888888888887,43.05555555555573
1,170,64.16666666666664,198,11.38888888888887,34.305555555555486
1,171,48.86111111111111,198,7.027777777777765,36.13888888888891
1,172,52.777777777777764,198,7.166666666666654,43.16666666666682
1,173,67.24999999999999,204,5.388888888888882,41.194444444444606
1,174,64.22222222222223,228,9.888888888888872,37.8055555555556
1,175,74.30555555555559,228,7.333333333333321,52.44444444444489
1,176,72.86111111111107,234,7.9722222222222054,46.05555555555581
1,177,66.77777777777777,234,4.972222222222217,57.00000000000059
1,178,64.72222222222223,234,5.805555555555548,38.86111111111114
1,179,66.08333333333331,234,6.055555555555546,39.8611111111112
1,180,67.16666666666667,240,5.416666666666658,38.72222222222232
1,181,58.58333333333334,240,10.027777777777759,38.4166666666667
1,182,65.83333333333336,294,9.861111111111095,38.11111111111115
1,183,65.36111111111111,336,5.777777777777771,47.30555555555586
1,184,80.24999999999997,336,5.77777777777777,51.19444444444487
1,185,81.55555555555557,336,3.166666666666667,56.0277777777783
1,186,92.61111111111107,342,9.222222222222204,58.72222222222287
1,187,91.30555555555556,348,5.138888888888884,51.08333333333377
1,188,69.75,348,10.972222222222204,46.47222222222249
1,189,87.22222222222221,348,6.027777777777771,61.972222222223
1,190,76.99999999999999,348,8.666666666666648,52.750000000000504
1,191,90.05555555555553,354,5.166666666666661,53.16666666666718
1,192,84.97222222222221,354,7.80555555555554,55.02777777777834
1,193,74.1944444444444,360,7.666666666666652,56.72222222222283
1,194,80.16666666666669,360,11.305555555555538,42.69444444444466
1,195,85.00000000000001,366,8.69444444444443,51.638888888889326
1,196,72.77777777777779,366,7.333333333333321,52.722222222222726
1,197,71.69444444444444,372,10.638888888888873,37.27777777777784
1,198,82.52777777777781,372,7.749999999999986,48.583333333333684
1,199,69.44444444444444,372,11.94444444444443,46.44444444444478
1,200,85.41666666666664,378,7.166666666666654,49.583333333333705
1,201,69.88888888888889,378,9.416666666666654,47.86111111111146
1,202,79.05555555555557,378,9.611111111111097,53.694444444444976
1,203,88.69444444444443,378,5.472222222222215,44.63888888888911
1,204,64.16666666666666,378,7.33333333333332,50.83333333333377
1,205,66.55555555555553,378,5.527777777777771,51.416666666667055
1,206,71.74999999999999,378,7.138888888888876,48.61111111111142
1,207,83.2777777777778,378,9.583333333333314,40.6111111111112
1,208,84.41666666666666,378,7.555555555555541,40.13888888888899
1,209,83.30555555555553,384,6.8333333333333215,54.22222222222271
1,210,61.9722222222222,384,8.249999999999986,50.027777777778155
1,211,78.25000000000001,384,6.499999999999989,51.72222222222263
1,212,71.97222222222223,396,12.111111111111095,36.249999999999964
1,213,83.61111111111109,396,5.722222222222214,50.055555555555884
1,214,66.5,402,11.222222222222205,39.38888888888896
1,215,84.24999999999999,402,5.4444444444444375,48.083333333333655
1,216,67.63888888888887,402,10.49999999999998,51.8888888888893
1,217,93.41666666666661,402,5.861111111111102,49.944444444444805
1,218,72.0,402,7.416666666666653,51.58333333333373
1,219,87.0,402,6.527777777777769,48.2777777777781
1,220,63.91666666666664,402,10.388888888888873,53.638888888889355
1,221,89.61111111111113,402,6.305555555555545,42.91666666666684
1,222,70.24999999999999,402,6.694444444444433,52.5277777777782
1,223,82.11111111111107,402,12.055555555555536,39.11111111111116
1,224,74.58333333333331,402,6.916666666666654,51.25000000000041
1,225,93.19444444444444,402,7.9444444444444295,39.77777777777786
1,226,75.00000000000001,408,6.499999999999991,55.30555555555604
1,227,78.25000000000001,408,8.999999999999982,34.999999999999936
1,228,65.8611111111111,414,7.722222222222208,45.694444444444684
1,229,65.80555555555554,414,9.63888888888887,52.19444444444485
1,230,89.61111111111104,420,7.499999999999986,47.66666666666694
1,231,75.41666666666669,420,9.05555555555554,44.22222222222245
1,232,75.38888888888887,420,12.583333333333321,40.333333333333414
1,233,73.44444444444444,420,12.916666666666647,42.77777777777795
1,234,67.52777777777777,426,9.305555555555536,47.33333333333362
1,235,89.02777777777779,426,11.05555555555554,52.9444444444449
1,236,80.6388888888889,426,9.555555555555541,33.499999999999886
1,237,90.16666666666666,426,6.388888888888879,49.166666666667005
1,238,92.75,438,6.638888888888879,50.44444444444484
1,239,93.30555555555554,450,6.97222222222221,52.91666666666731
1,240,66.86111111111111,462,10.944444444444422,55.61111111111181
1,241,75.47222222222223,462,8.277777777777763,54.86111111111181
1,242,80.69444444444447,474,8.138888888888875,47.972222222222726
1,243,64.80555555555559,486,5.249999999999995,55.88888888888962
1,244,67.66666666666666,492,9.388888888888875,55.83333333333405
1,245,62.11111111111113,498,8.388888888888873,52.083333333333954
1,246,76.69444444444444,498,10.333333333333314,42.47222222222256
1,247,66.47222222222226,498,8.638888888888873,50.75000000000058
1,248,68.72222222222219,504,6.444444444444435,38.4166666666669
1,249,59.972222222222236,570,9.027777777777759,45.00000000000042
1,250,86.52777777777781,588,8.138888888888872,47.94444444444495
1,251,49.83333333333332,588,8.416666666666648,47.77777777777828
1,252,77.30555555555561,588,7.361111111111096,50.75000000000058
1,253,72.69444444444443,588,5.66666666666666,60.250000000000846
1,254,57.63888888888889,594,5.666666666666659,55.30555555555627
1,255,70.11111111111114,600,8.638888888888875,52.36111111111174
1,256,75.55555555555556,612,7.055555555555543,49.83333333333388
1,257,57.61111111111113,624,6.777777777777766,49.36111111111166
1,258,67.11111111111111,630,6.277777777777768,53.86111111111178
1,259,78.66666666666667,630,10.361111111111093,39.555555555555806
1,260,61.55555555555556,630,6.583333333333322,50.222222222222776
1,261,71.36111111111111,636,11.69444444444443,48.166666666667176
1,262,82.33333333333339,642,5.5277777777777715,61.44444444444533
1,263,70.97222222222224,642,10.277777777777763,46.11111111111156
1,264,78.80555555555554,642,9.833333333333316,40.972222222222534
1,265,71.52777777777777,648,9.222222222222207,55.9166666666674
1,266,81.55555555555557,678,5.305555555555547,49.88888888888945
1,267,71.08333333333334,678,9.41666666666665,44.50000000000041
1,268,68.36111111111114,678,9.277777777777763,52.25000000000063
1,269,70.44444444444443,690,13.777777777777757,50.63888888888946
1,270,65.52777777777777,702,9.083333333333313,54.722222222222925
1,271,70.02777777777777,708,6.166666666666656,53.13888888888954
1,272,71.77777777777779,708,9.222222222222205,47.8888888888894
1,273,71.41666666666667,708,7.499999999999986,55.555555555556275
1,274,71.47222222222224,720,8.277777777777763,47.61111111111161
1,275,63.277777777777786,738,6.361111111111101,61.000000000000874
1,276,74.41666666666666,738,6.2222222222222126,50.02777777777835
1,277,72.47222222222217,762,8.333333333333316,55.777777777778496
1,278,67.41666666666666,762,5.249999999999995,43.30555555555593
1,279,73.30555555555557,762,11.166666666666648,53.41666666666733
1,280,67.69444444444443,762,5.138888888888883,49.88888888888944
1,281,71.91666666666666,762,6.972222222222208,54.722222222222925
1,282,64.16666666666667,762,5.249999999999993,53.08333333333398
1,283,81.44444444444449,762,8.91666666666665,44.472222222222626
1,284,64.13888888888889,768,7.777777777777764,51.805555555556175
1,285,73.75,780,7.055555555555543,46.02777777777823
1,286,80.00000000000001,786,6.361111111111102,52.194444444445075
1,287,74.66666666666669,792,7.5277777777777635,46.52777777777825
1,288,73.80555555555553,798,4.722222222222219,52.36111111111175
1,289,59.000000000000014,804,8.222222222222207,56.58333333333409
1,290,72.27777777777781,804,6.944444444444432,55.6388888888896
1,291,65.72222222222221,804,7.972222222222208,50.05555555555612
1,292,58.66666666666668,810,10.222222222222207,51.638888888889504
1,293,63.02777777777777,810,12.194444444444423,47.5000000000005
1,294,64.55555555555556,810,5.861111111111103,53.02777777777843
1,295,73.49999999999999,816,8.91666666666665,49.1666666666672
1,296,63.08333333333332,822,7.0833333333333215,61.63888888888979
1,297,75.55555555555554,828,7.444444444444431,52.61111111111175
1,298,65.30555555555554,828,14.527777777777752,42.75000000000036
1,299,64.86111111111111,828,6.555555555555545,47.55555555555605
1,300,75.97222222222219,828,10.944444444444425,51.2500000000006
1,301,78.36111111111113,828,8.749999999999982,47.08333333333381
1,302,70.97222222222224,834,8.027777777777763,50.02777777777834
1,303,66.97222222222224,834,10.888888888888868,52.33333333333396
1,304,56.33333333333336,834,7.999999999999985,50.80555555555614
1,305,62.58333333333333,834,11.222222222222202,48.44444444444495
1,306,78.02777777777779,834,9.33333333333332,57.05555555555632
1,307,67.44444444444443,840,5.944444444444437,67.97222222222308
1,308,66.66666666666669,840,3.333333333333332,66.16666666666757
1,309,69.05555555555557,840,9.05555555555554,62.66666666666758
1,310,75.63888888888889,840,7.777777777777764,56.000000000000725
1,311,74.38888888888887,846,8.249999999999982,54.638888888889575
1,312,79.63888888888893,846,7.416666666666654,55.44444444444515
1,313,71.41666666666664,858,7.111111111111098,69.00000000000084
1,314,66.4722222222222,858,7.972222222222207,69.88888888888971
1,315,73.63888888888887,870,4.305555555555553,71.38888888888967
1,316,82.44444444444443,888,7.583333333333319,61.02777777777865
1,317,89.72222222222226,888,9.694444444444429,61.611111111112
1,318,71.77777777777777,900,6.499999999999989,71.02777777777857
1,319,72.16666666666667,936,6.805555555555545,64.11111111111207
1,320,61.3611111111111,936,3.083333333333332,74.36111111111182
1,321,76.6111111111111,936,7.805555555555542,54.833333333334025
1,322,74.66666666666669,936,5.972222222222213,60.55555555555642
1,323,70.0,948,5.027777777777772,59.63888888888972
1,324,57.3611111111111,954,7.222222222222209,58.19444444444524
1,325,74.02777777777777,954,5.722222222222214,70.33333333333414
1,326,76.22222222222221,954,5.5277777777777715,69.9166666666675
1,327,72.02777777777779,954,6.361111111111102,64.11111111111207
1,328,68.72222222222221,960,5.027777777777773,59.38888888888971
1,329,69.41666666666666,960,10.888888888888872,62.027777777778674
1,330,67.83333333333333,960,7.22222222222221,61.50000000000089
1,331,59.38888888888889,960,8.666666666666654,57.77777777777856
1,332,66.69444444444444,960,8.388888888888872,57.36111111111188
1,333,86.30555555555553,984,5.888888888888879,63.333333333334274
1,334,79.16666666666666,984,5.555555555555547,63.25000000000094
1,335,80.02777777777777,984,6.611111111111098,62.416666666667574
1,336,66.0,984,7.055555555555543,70.69444444444525
1,337,87.30555555555554,984,7.6944444444444295,68.50000000000085
1,338,71.7777777777778,984,3.9722222222222214,64.02777777777874
1,339,58.11111111111112,1008,7.944444444444428,58.916666666667474
1,340,64.63888888888887,1014,7.722222222222209,69.58333333333415
1,341,69.69444444444443,1014,6.3611111111111,71.50000000000078
1,342,82.47222222222223,1014,5.833333333333326,66.41666666666757
1,343,64.72222222222224,1014,7.055555555555545,65.19444444444537
1,344,71.61111111111114,1026,6.583333333333323,66.19444444444535
1,345,80.74999999999997,1026,7.583333333333321,61.88888888888978
1,346,70.52777777777777,1026,5.583333333333327,57.25000000000077
1,347,72.66666666666666,1026,7.472222222222208,64.97222222222315
1,348,74.7222222222222,1026,4.583333333333329,65.55555555555648
1,349,82.24999999999999,1026,9.416666666666648,65.63888888888982
1,350,66.02777777777776,1026,7.638888888888873,73.1666666666674
1,351,70.05555555555556,1050,3.972222222222221,61.0833333333342
1,352,83.19444444444444,1050,5.583333333333325,65.22222222222315
1,353,61.63888888888888,1050,10.638888888888875,57.50000000000077
1,354,66.91666666666667,1050,6.111111111111103,73.0555555555563
1,355,75.58333333333333,1062,5.166666666666661,77.11111111111177
1,356,68.22222222222223,1062,7.6944444444444295,70.33333333333414
1,357,78.55555555555556,1062,6.916666666666656,70.00000000000081
1,358,71.33333333333333,1068,6.722222222222211,63.08333333333427
1,359,68.6944444444444,1068,7.055555555555543,66.2500000000009
1,360,72.11111111111109,1068,5.305555555555549,70.44444444444527
1,361,79.66666666666669,1068,6.777777777777766,67.41666666666755
1,362,76.5277777777778,1110,5.77777777777777,63.27777777777872
1,363,75.94444444444444,1110,7.499999999999986,61.52777777777867
1,364,69.58333333333331,1110,8.249999999999984,58.02777777777857
1,365,66.66666666666669,1110,6.666666666666655,67.44444444444532
1,366,91.52777777777777,1110,5.999999999999991,76.19444444444511
1,367,73.24999999999999,1122,5.666666666666661,68.86111111111195
1,368,72.97222222222219,1188,6.4722222222222126,72.38888888888965
1,369,81.63888888888887,1194,7.249999999999987,63.36111111111205
1,370,75.61111111111111,1194,10.30555555555554,60.55555555555641
1,371,72.08333333333334,1200,7.722222222222206,60.05555555555641
1,372,72.41666666666666,1200,6.02777777777777,62.50000000000091
1,373,84.19444444444444,1200,9.083333333333318,58.22222222222301
1,374,79.22222222222221,1206,6.0555555555555465,67.02777777777867
1,375,73.97222222222223,1206,4.999999999999996,68.50000000000085
1,376,71.63888888888889,1206,7.805555555555541,56.194444444445175
1,377,61.86111111111111,1230,5.722222222222214,61.194444444445324
1,378,64.13888888888889,1230,6.138888888888879,65.72222222222314
1,379,73.61111111111107,1236,8.361111111111097,62.63888888888981
1,380,72.3611111111111,1242,5.833333333333327,64.00000000000095
1,381,55.58333333333332,1242,5.833333333333324,67.30555555555644
1,382,67.44444444444446,1248,9.277777777777757,68.0833333333342
1,383,74.86111111111114,1248,4.916666666666662,68.27777777777865
1,384,76.05555555555556,1278,9.916666666666654,64.58333333333427
1,385,79.24999999999997,1290,7.638888888888875,67.75000000000087
1,386,95.47222222222223,1290,8.416666666666652,69.75000000000082
1,387,70.77777777777777,1290,7.388888888888876,67.50000000000087
1,388,75.1111111111111,1290,3.9722222222222205,73.25000000000072
1,389,87.33333333333334,1290,6.638888888888879,67.19444444444531
1,390,74.08333333333336,1296,4.305555555555551,62.88888888888981
1,391,64.7222222222222,1308,4.416666666666663,57.38888888888965
1,392,77.55555555555554,1308,11.19444444444443,57.00000000000075
1,393,77.41666666666667,1308,9.66666666666665,74.77777777777848
1,394,72.41666666666666,1308,6.277777777777768,68.11111111111197
1,395,72.02777777777777,1308,3.638888888888886,67.00000000000088
1,396,64.0277777777778,1314,6.361111111111101,62.86111111111203
1,397,83.05555555555557,1320,4.972222222222218,73.05555555555632
1,398,65.99999999999999,1320,7.4444444444444295,59.9166666666675
1,399,66.63888888888889,1320,7.277777777777764,59.1388888888897
1,400,78.08333333333334,1320,5.888888888888881,65.88888888888981
1,401,99.55555555555553,1320,11.277777777777766,59.94444444444529
1,402,66.8888888888889,1326,11.138888888888872,42.88888888888924
1,403,60.944444444444436,1326,7.222222222222209,69.27777777777861
1,404,66.41666666666666,1326,3.805555555555555,68.19444444444531
1,405,80.83333333333331,1332,8.55555555555554,62.11111111111202
1,406,58.72222222222221,1332,5.194444444444437,72.41666666666742
1,407,69.41666666666664,1332,6.666666666666656,66.66666666666758
1,408,72.16666666666664,1332,5.5277777777777715,66.55555555555644
1,409,62.02777777777776,1332,7.8611111111110965,63.583333333334274
1,410,73.02777777777777,1332,6.38888888888888,65.69444444444537
1,411,104.94444444444447,1338,5.777777777777771,62.2500000000009
1,412,61.83333333333334,1338,6.888888888888877,61.52777777777866
1,413,67.77777777777774,1338,3.944444444444443,64.72222222222315
1,414,61.55555555555555,1344,7.027777777777767,67.61111111111197
1,415,65.52777777777777,1344,5.361111111111103,68.50000000000085
1,416,85.99999999999997,1350,7.111111111111099,61.72222222222311
1,417,76.00000000000001,1350,5.749999999999991,57.63888888888966
1,418,63.44444444444442,1356,8.027777777777763,60.777777777778645
1,419,85.6111111111111,1356,5.749999999999992,69.6388888888897
1,420,71.75000000000001,1362,3.8611111111111094,67.25000000000088
1,421,70.41666666666667,1362,6.24999999999999,56.22222222222295
1,422,78.83333333333336,1374,8.66666666666665,57.944444444445224
1,423,72.77777777777779,1374,8.694444444444427,61.0833333333342
1,424,61.8333333333333,1380,6.02777777777777,66.47222222222311
1,425,80.19444444444446,1392,5.361111111111105,71.38888888888967
1,426,81.55555555555554,1392,8.944444444444429,65.41666666666758
1,427,78.94444444444444,1410,6.277777777777768,62.05555555555645
1,428,64.66666666666666,1416,10.222222222222205,57.63888888888967
1,429,73.55555555555557,1422,7.055555555555545,66.7500000000009
1,430,83.27777777777777,1434,6.0555555555555465,64.27777777777872
1,431,77.9722222222222,1440,2.9166666666666647,61.194444444445324
1,432,67.55555555555554,1440,7.388888888888875,69.27777777777861
1,433,72.72222222222223,1440,7.999999999999985,66.44444444444534
1,434,76.94444444444441,1440,7.249999999999987,66.19444444444535
1,435,69.3055555555556,1440,7.444444444444432,65.19444444444537
1,436,68.05555555555554,1446,9.194444444444429,59.027777777778596
1,437,62.222222222222214,1446,4.777777777777773,69.00000000000084
1,438,58.16666666666666,1446,8.999999999999986,73.69444444444518
1,439,75.27777777777777,1446,6.2499999999999885,64.05555555555651
1,440,61.00000000000003,1446,4.694444444444442,68.02777777777864
1,441,70.74999999999999,1446,5.52777777777777,74.94444444444514
1,442,79.11111111111109,1446,3.5,65.19444444444537
1,443,71.80555555555556,1470,7.999999999999984,62.47222222222314
1,444,74.08333333333331,1470,7.277777777777763,65.5277777777787
1,445,73.55555555555556,1470,6.249999999999991,69.19444444444527
1,446,77.44444444444446,1470,7.972222222222206,60.36111111111196
1,447,70.55555555555554,1470,10.194444444444429,59.305555555556374
1,448,80.74999999999997,1470,7.4166666666666545,67.80555555555642
1,449,83.33333333333334,1470,5.861111111111104,63.527777777778724
1,450,57.63888888888888,1470,13.277777777777759,62.44444444444535
1,451,71.38888888888887,1470,7.0833333333333215,60.416666666667524
1,452,74.47222222222227,1470,7.583333333333319,69.80555555555638
1,453,85.72222222222219,1470,7.111111111111098,72.11111111111187
1,454,76.27777777777779,1470,7.305555555555542,66.861111111112
1,455,71.77777777777779,1470,7.33333333333332,61.111111111111974
1,456,81.66666666666669,1470,4.444444444444442,66.50000000000091
1,457,66.94444444444443,1470,4.888888888888885,63.694444444445395
1,458,71.86111111111114,1470,5.638888888888883,66.91666666666755
1,459,73.41666666666666,1470,9.916666666666648,75.41666666666735
1,460,70.41666666666664,1470,6.361111111111101,64.5555555555565
1,461,73.63888888888889,1470,4.47222222222222,79.30555555555615
1,462,63.16666666666666,1470,10.80555555555554,71.38888888888967
1,463,75.80555555555554,1470,5.722222222222215,64.52777777777871
1,464,82.16666666666663,1470,4.749999999999996,67.16666666666754
1,465,81.22222222222223,1470,4.527777777777774,72.88888888888962
1,466,78.33333333333336,1470,7.194444444444432,64.58333333333427
1,467,80.1388888888889,1470,8.444444444444429,72.61111111111187
1,468,86.38888888888884,1470,6.166666666666657,56.02777777777851
1,469,78.24999999999999,1470,8.277777777777763,68.27777777777862
1,470,81.16666666666663,1470,10.91666666666665,67.69444444444531
1,471,79.13888888888889,1470,3.9722222222222183,75.41666666666734
1,472,67.69444444444444,1470,7.388888888888877,69.55555555555638
1,473,64.08333333333333,1914,6.666666666666655,72.63888888888964
1,474,78.3888888888889,2220,14.749999999999979,54.50000000000068
1,475,65.75,2760,11.194444444444427,56.66666666666741
1,476,72.41666666666669,2760,7.777777777777762,65.1666666666676
1,477,92.05555555555556,3402,7.499999999999986,66.3888888888898
1,478,68.36111111111111,3402,11.138888888888873,69.7777777777786
1,479,68.55555555555554,3630,12.388888888888872,67.13888888888977
1,480,81.50000000000003,3642,9.888888888888873,70.94444444444522
1,481,94.36111111111114,3960,13.944444444444418,71.52777777777855
1,482,82.69444444444446,4308,16.30555555555553,66.63888888888978
1,483,79.36111111111109,4308,16.83333333333332,55.05555555555626
1,484,83.91666666666666,4434,17.333333333333318,61.2222222222231
1,485,75.52777777777777,4434,12.277777777777755,78.86111111111173
1,486,96.8611111111111,4434,13.777777777777754,51.47222222222282
1,487,87.52777777777777,4524,10.416666666666648,76.75000000000067
1,488,91.58333333333334,4524,9.583333333333314,66.72222222222311
1,489,83.52777777777779,4692,11.999999999999979,62.69444444444536
1,490,111.16666666666666,4704,19.694444444444457,66.19444444444535
1,491,93.13888888888886,4704,16.444444444444418,64.22222222222317
1,492,106.19444444444444,4704,23.611111111111157,63.91666666666762
1,493,111.16666666666666,4704,20.69444444444446,63.888888888889845
1,494,88.5,4704,24.361111111111178,54.277777777778454
1,495,102.66666666666667,4896,20.08333333333334,68.02777777777864
1,496,100.44444444444439,4896,19.49999999999998,63.416666666667616
1,497,106.8055555555555,4902,20.222222222222207,69.75000000000082
1,498,98.41666666666666,4902,24.99999999999997,59.77777777777861
1,499,102.69444444444439,4920,18.694444444444436,61.944444444445345
1,500,98.91666666666667,4938,34.58333333333334,72.91666666666741
1,501,138.02777777777777,4938,13.611111111111105,68.1944444444453
1,502,119.16666666666666,4938,29.916666666666583,62.55555555555647
1,503,134.75000000000006,4938,41.583333333333535,57.138888888889646
1,504,132.00000000000003,4938,46.02777777777811,62.583333333334245
1,505,127.36111111111111,4950,27.222222222222175,60.75000000000087
1,506,143.8888888888889,4950,25.972222222222186,72.08333333333411
1,507,120.7222222222222,4950,21.999999999999964,66.7500000000009
1,508,121.8055555555556,4950,24.86111111111105,61.611111111111995
1,509,130.19444444444449,4950,25.277777777777715,68.33333333333418
1,510,139.33333333333331,4950,33.55555555555551,59.83333333333417
1,511,105.91666666666664,4950,29.861111111111036,54.66666666666736
1,512,134.72222222222223,4950,33.33333333333331,60.222222222223074
1,513,141.69444444444449,4956,33.99999999999997,66.11111111111202
1,514,114.80555555555557,4962,41.72222222222243,59.5277777777786
1,515,137.08333333333337,4962,30.33333333333326,73.58333333333407
1,516,123.25000000000006,4962,29.722222222222157,61.66666666666755
1,517,119.72222222222221,4962,29.583333333333275,65.19444444444537
1,518,131.2777777777778,4962,35.083333333333364,68.52777777777862
1,519,128.6944444444445,4968,39.888888888889056,64.83333333333427
1,520,113.47222222222223,5010,42.19444444444465,61.30555555555643
1,521,138.8611111111111,5070,34.02777777777773,62.22222222222313
1,522,143.47222222222223,5070,35.97222222222229,65.94444444444535
1,523,115.08333333333333,5070,28.4444444444444,64.72222222222317
1,524,118.38888888888889,5100,20.888888888888832,66.861111111112
1,525,134.19444444444449,5100,38.361111111111214,68.33333333333418
1,526,134.61111111111111,5130,24.77777777777772,71.77777777777854
1,527,141.33333333333343,5136,22.138888888888836,63.305555555556495
1,528,127.25000000000007,5136,31.47222222222217,65.58333333333425
1,529,116.19444444444446,5982,25.694444444444365,74.25000000000071
1,530,135.52777777777783,6156,32.47222222222216,71.16666666666745
1,531,147.66666666666669,6168,42.16666666666689,72.66666666666742
1,532,133.3888888888889,6168,35.86111111111116,73.1944444444452
1,533,138.41666666666666,6180,31.94444444444437,77.86111111111174
1,534,130.69444444444446,6192,38.00000000000011,61.91666666666757
1,535,142.5555555555556,6192,46.77777777777811,61.66666666666755
1,536,137.9444444444445,6210,47.97222222222261,63.33333333333427
1,537,137.86111111111114,6216,42.805555555555785,54.50000000000068
1,538,133.7222222222222,6240,33.94444444444441,74.58333333333404
1,539,118.33333333333336,6246,36.63888888888895,67.55555555555642
1,540,139.02777777777786,6258,36.80555555555562,63.00000000000093
1,541,131.86111111111117,6258,47.97222222222259,56.666666666667425
1,542,158.6666666666667,6276,50.083333333333776,58.08333333333412
1,543,111.77777777777773,6282,42.55555555555577,62.02777777777868
1,544,137.11111111111111,6282,29.111111111111068,68.4444444444453
1,545,130.94444444444449,6282,21.611111111111086,71.38888888888968
1,546,137.05555555555554,6282,46.805555555555905,63.61111111111206
1,547,115.30555555555559,6294,43.166666666666906,68.86111111111194
1,548,131.97222222222226,6324,33.999999999999986,71.6111111111119
1,549,122.69444444444446,6324,35.25000000000003,70.77777777777857
1,550,138.44444444444449,6354,28.111111111111043,74.25000000000071
1,551,137.80555555555554,6354,37.75000000000009,68.69444444444528
1,552,140.5555555555556,6378,42.69444444444467,63.50000000000094
1,553,150.16666666666666,6390,38.19444444444455,72.77777777777854
1,554,123.47222222222223,6396,53.47222222222276,53.88888888888956
1,555,138.3333333333333,6402,57.3055555555562,63.13888888888982
1,556,117.22222222222224,6402,21.666666666666618,79.88888888888947
1,557,132.58333333333334,6414,28.777777777777725,71.97222222222298
1,558,131.6666666666667,6420,33.944444444444436,76.63888888888955
1,559,125.47222222222226,6432,30.94444444444435,70.30555555555637
1,560,148.38888888888894,6432,47.77777777777816,63.666666666667616
1,561,130.55555555555557,6438,53.30555555555607,62.66666666666758
1,562,145.63888888888886,6438,49.472222222222655,66.66666666666757
1,563,131.88888888888894,6450,38.30555555555565,65.97222222222312
1,564,154.16666666666669,6450,36.22222222222224,56.27777777777852
1,565,130.13888888888889,6456,38.888888888889014,56.00000000000073
1,566,145.6944444444445,6462,39.52777777777792,66.7500000000009
1,567,145.0833333333334,6486,36.888888888888935,65.50000000000092
1,568,136.5555555555556,6498,44.36111111111139,61.88888888888979
1,569,145.22222222222229,6498,32.88888888888882,60.36111111111197
1,570,133.52777777777783,6504,45.833333333333634,69.88888888888971
1,571,122.75000000000007,6504,42.47222222222243,65.69444444444537
1,572,124.41666666666666,6504,38.833333333333435,69.00000000000084
1,573,120.63888888888893,6504,24.222222222222182,71.02777777777857
1,574,142.36111111111111,6504,54.66666666666724,65.1666666666676
1,575,120.66666666666673,6504,39.55555555555568,72.77777777777852
1,576,153.9444444444445,6504,59.27777777777845,63.83333333333428
1,577,140.80555555555554,6504,50.888888888889355,70.69444444444524
1,578,154.16666666666669,6540,50.61111111111156,65.94444444444535
1,579,127.30555555555561,6558,48.611111111111505,60.611111111111974
1,580,148.08333333333334,6642,43.361111111111356,72.88888888888964
1,581,133.88888888888889,6642,46.5555555555559,68.97222222222305
1,582,148.1666666666667,6642,60.611111111111825,64.41666666666761
1,583,131.33333333333337,6642,33.027777777777715,70.25000000000082
1,584,141.13888888888894,6648,42.61111111111134,69.5277777777786
1,585,148.77777777777777,6804,44.52777777777806,73.47222222222295
1,586,112.75,6804,37.08333333333339,70.22222222222302
1,587,150.83333333333331,6804,48.944444444444834,65.97222222222312
1,588,141.77777777777777,6804,33.749999999999986,72.72222222222297
1,589,134.11111111111117,6834,47.72222222222259,67.91666666666752
1,590,156.25000000000003,6876,51.25000000000047,66.41666666666757
1,591,138.91666666666669,6876,35.50000000000001,70.44444444444524
1,592,131.5833333333333,6876,44.222222222222484,59.77777777777862
1,593,138.97222222222229,6876,39.9444444444446,68.50000000000085
1,594,120.33333333333336,6876,31.472222222222147,72.50000000000075
1,595,127.94444444444444,6876,64.22222222222304,60.250000000000846
1,596,139.38888888888894,6876,50.50000000000045,63.4166666666676
1,597,124.97222222222221,6888,42.00000000000021,75.08333333333404
1,598,159.3611111111111,6888,77.91666666666774,52.6666666666673
1,599,148.6111111111112,6888,54.250000000000554,60.194444444445296
1,600,145.05555555555557,6888,54.91666666666725,62.08333333333423
1,601,148.69444444444454,6888,38.13888888888899,67.8333333333342
1,602,147.66666666666663,6936,44.91666666666697,69.30555555555638
1,603,119.44444444444447,6954,68.05555555555648,52.94444444444508
1,604,131.27777777777783,6984,50.05555555555599,63.166666666667595
1,605,158.36111111111111,6996,44.55555555555585,59.58333333333417
1,606,146.61111111111111,6996,64.58333333333421,56.83333333333408
1,607,154.94444444444454,7008,51.41666666666714,64.30555555555651
1,608,133.9722222222222,7008,58.277777777778425,69.33333333333417
1,609,144.58333333333337,7014,52.5277777777783,68.19444444444531
1,610,133.25000000000003,7038,45.194444444444734,55.805555555556275
1,611,132.47222222222226,7038,53.666666666667226,63.33333333333427
1,612,125.66666666666669,7050,61.00000000000077,61.52777777777867
1,613,132.75000000000003,7050,51.77777777777827,67.94444444444531
1,614,138.05555555555551,7056,53.38888888888942,70.86111111111191
1,615,142.36111111111106,7062,45.277777777778084,67.52777777777865
1,616,126.97222222222224,7104,46.33333333333367,61.30555555555644
1,617,152.66666666666663,7104,41.19444444444462,73.22222222222298
1,618,168.77777777777777,7116,53.777777777778304,69.83333333333417
1,619,124.6944444444445,7122,34.472222222222214,73.11111111111184
1,620,145.0555555555556,7158,71.77777777777877,57.52777777777855
1,621,130.88888888888889,7164,39.63888888888902,67.25000000000087
1,622,130.05555555555554,7182,63.50000000000082,59.38888888888971
1,623,127.69444444444447,7182,46.63888888888922,65.22222222222315
1,624,142.77777777777777,7182,57.19444444444507,67.22222222222311
1,625,129.11111111111111,7182,50.527777777778255,60.19444444444529
1,626,147.77777777777771,7182,57.30555555555619,61.833333333334224
1,627,144.3611111111111,7182,46.16666666666699,54.69444444444513
1,628,136.8888888888889,7188,61.4444444444452,56.916666666667425
1,629,140.30555555555554,7188,55.47222222222282,71.8611111111119
1,630,136.86111111111111,7194,42.50000000000022,68.86111111111195
1,631,150.38888888888897,7194,52.83333333333383,69.66666666666748
1,632,160.75,7194,53.77777777777833,61.72222222222311
1,633,136.05555555555557,7194,56.388888888889504,59.833333333334174
1,634,122.52777777777776,7194,51.25000000000047,63.33333333333426
1,635,136.08333333333334,7206,55.72222222222281,57.00000000000075
1,636,149.86111111111111,7206,72.41666666666774,49.833333333333876
1,637,141.33333333333331,7230,52.69444444444495,62.027777777778674
1,638,147.6666666666667,7230,33.611111111111086,68.97222222222307
1,639,135.1388888888889,7230,65.41666666666754,64.25000000000095
1,640,130.6388888888889,7230,50.833333333333776,70.80555555555635
1,641,125.5277777777778,7230,49.111111111111526,62.91666666666759
1,642,144.5277777777778,7302,38.00000000000009,73.55555555555628
1,643,153.4722222222222,7368,55.7222222222228,67.25000000000088
1,644,146.13888888888889,7386,34.41666666666667,82.86111111111161
1,645,138.08333333333331,7386,56.30555555555616,65.33333333333424
1,646,132.8055555555556,7386,59.94444444444517,66.63888888888978
1,647,136.08333333333331,7386,47.11111111111147,80.63888888888945
1,648,138.11111111111117,7386,48.25000000000038,66.11111111111202
1,649,126.02777777777779,7386,66.30555555555645,59.944444444445274
1,650,129.25,7392,48.944444444444855,61.27777777777865
1,651,148.66666666666674,7392,54.3333333333339,60.8333333333342
1,652,145.13888888888889,7398,57.77777777777843,61.58333333333422
1,653,154.2222222222222,7404,49.58333333333375,64.80555555555648
1,654,152.6111111111112,7440,39.500000000000135,71.80555555555632
1,655,121.94444444444447,7440,47.805555555555934,57.66666666666744
1,656,140.638888888889,7446,36.472222222222285,75.58333333333402
1,657,126.36111111111113,7470,53.44444444444496,63.138888888889824
1,658,147.97222222222217,7470,36.22222222222228,68.75000000000084
1,659,133.44444444444443,7470,56.05555555555617,63.888888888889845
1,660,151.13888888888894,7470,66.30555555555644,64.00000000000095
1,661,131.1388888888889,7488,38.27777777777788,73.50000000000074
1,662,146.52777777777786,7494,37.41666666666675,80.8333333333339
1,663,158.66666666666669,7494,52.80555555555605,55.47222222222293
1,664,157.19444444444446,7494,39.50000000000014,66.30555555555645
1,665,150.50000000000006,7494,58.166666666667304,68.02777777777864
1,666,143.11111111111114,7500,50.66666666666714,61.027777777778645
1,667,129.47222222222223,7506,43.83333333333356,71.97222222222298
1,668,146.02777777777777,7506,37.36111111111118,70.22222222222302
1,669,155.27777777777783,7506,61.02777777777853,64.41666666666761
1,670,148.63888888888894,7506,53.36111111111165,72.41666666666744
1,671,125.36111111111113,7506,33.52777777777775,66.63888888888977
1,672,149.5277777777778,7566,44.555555555555834,73.61111111111185
1,673,140.8055555555556,7596,52.861111111111626,62.138888888889795
1,674,148.69444444444443,7620,56.416666666667275,62.97222222222315
1,675,118.6388888888889,7620,58.80555555555623,67.63888888888975
1,676,155.72222222222223,7620,29.805555555555483,80.94444444444501
1,677,143.8888888888889,7644,48.3611111111115,61.0833333333342
1,678,141.7777777777778,7644,50.277777777778226,69.66666666666748
1,679,142.80555555555557,7644,48.50000000000039,66.47222222222312
1,680,142.1666666666667,7668,39.19444444444456,68.83333333333418
1,681,159.75000000000003,7668,58.500000000000675,61.555555555556445
1,682,132.27777777777777,7692,72.75000000000107,53.94444444444511
1,683,137.5555555555556,7710,41.58333333333351,69.02777777777862
1,684,138.02777777777771,7710,48.527777777778155,63.75000000000095
1,685,140.50000000000003,7746,55.58333333333392,64.94444444444538
1,686,160.888888888889,7746,62.972222222223,61.44444444444532
1,687,164.91666666666666,7758,41.86111111111132,71.13888888888968
1,688,154.19444444444449,7764,51.80555555555604,65.22222222222315
1,689,133.05555555555557,7764,41.36111111111131,72.61111111111188
1,690,141.6666666666667,7764,42.44444444444467,71.1111111111119
1,691,128.47222222222229,7764,63.91666666666751,63.944444444445395
1,692,152.38888888888889,7764,51.277777777778255,60.86111111111199
1,693,138.27777777777783,7764,48.69444444444485,64.69444444444538
1,694,165.83333333333337,7782,57.52777777777842,67.88888888888975
1,695,156.1666666666666,7812,56.388888888889504,60.27777777777862
1,696,152.63888888888886,7812,46.083333333333634,68.72222222222307
1,697,138.27777777777771,7812,49.13888888888928,63.05555555555648
1,698,136.44444444444449,7812,39.86111111111126,71.75000000000077
1,699,151.7777777777778,7818,38.83333333333344,67.88888888888975
1,700,137.97222222222226,7824,54.361111111111654,62.66666666666758
1,701,126.80555555555554,7824,58.722222222222904,62.11111111111201
1,702,142.50000000000006,7836,53.55555555555609,69.58333333333417
1,703,140.44444444444446,7848,42.30555555555575,67.13888888888977
1,704,166.27777777777777,7848,52.7500000000005,65.41666666666758
1,705,124.3611111111111,7848,58.02777777777843,64.97222222222315
1,706,149.94444444444446,7848,49.69444444444489,66.91666666666755
1,707,141.66666666666669,7854,52.0000000000005,61.222222222223095
1,708,142.13888888888889,7854,66.05555555555645,62.75000000000092
1,709,148.30555555555551,7854,43.16666666666691,63.00000000000093
1,710,140.41666666666674,7854,66.00000000000088,57.80555555555633
1,711,156.4166666666667,7854,69.47222222222321,62.30555555555647
1,712,135.86111111111111,7860,59.72222222222295,58.13888888888968
1,713,145.77777777777777,7860,54.16666666666722,64.58333333333428
1,714,145.2777777777778,7860,47.416666666667034,66.77777777777867
1,715,151.86111111111114,7872,33.916666666666636,73.55555555555628
1,716,147.63888888888897,7872,59.80555555555626,59.77777777777862
1,717,140.08333333333331,7872,61.138888888889625,57.166666666667425
1,718,127.63888888888893,7872,47.91666666666704,65.83333333333425
1,719,147.3055555555556,7872,60.02777777777849,56.333333333334075
1,720,135.36111111111111,7872,56.416666666667275,65.02777777777871
1,721,146.58333333333337,7878,56.52777777777837,58.66666666666747
1,722,155.4166666666667,7908,45.30555555555587,62.11111111111201
1,723,139.11111111111117,7938,62.66666666666746,65.97222222222312
1,724,112.44444444444447,7962,62.0833333333341,55.97222222222295
1,725,120.77777777777774,7962,61.555555555556325,60.61111111111197
1,726,143.22222222222223,8010,63.7777777777786,64.08333333333428
1,727,138.4166666666667,8010,65.5000000000009,59.55555555555639
1,728,157.11111111111111,8016,47.8333333333337,64.77777777777871
1,729,158.99999999999997,8070,40.44444444444462,71.44444444444522
1,730,144.36111111111111,8076,46.61111111111144,64.13888888888984
1,731,137.25000000000006,8076,51.77777777777826,69.05555555555638
1,732,150.08333333333334,8076,72.250000000001,50.63888888888946
1,733,157.00000000000003,8076,59.11111111111179,64.94444444444538
1,734,142.36111111111111,8076,46.833333333333684,72.11111111111187
1,735,132.27777777777786,8076,58.4722222222229,68.97222222222305
1,736,146.27777777777786,8100,52.61111111111162,61.91666666666757
1,737,138.77777777777777,8112,48.13888888888928,63.1666666666676
1,738,169.47222222222214,8118,48.27777777777816,65.47222222222314
1,739,128.5277777777778,8148,59.36111111111182,65.27777777777871
1,740,151.5277777777778,8154,50.277777777778226,67.6944444444453
1,741,143.1388888888889,8154,56.22222222222284,58.7500000000008
1,742,146.99999999999997,8154,65.00000000000085,52.63888888888952
1,743,148.2500000000001,8160,46.41666666666699,64.58333333333427
1,744,130.13888888888886,8166,69.55555555555645,60.30555555555641
1,745,144.86111111111111,8172,49.333333333333755,65.63888888888981
1,746,148.8888888888889,8172,46.44444444444478,68.27777777777862
1,747,137.97222222222226,8172,54.88888888888946,63.805555555556495
1,748,152.63888888888894,8178,64.94444444444531,57.80555555555634
1,749,130.8888888888889,8202,31.472222222222136,73.0555555555563
1,750,128.55555555555554,8214,44.02777777777803,61.777777777778674
1,751,140.11111111111114,8214,58.75000000000069,61.47222222222311
1,752,135.75000000000003,8214,49.58333333333376,76.66666666666734
1,753,143.86111111111111,8220,58.666666666667346,57.305555555556325
1,754,160.11111111111106,8232,58.388888888889575,58.61111111111191
1,755,131.5833333333333,8232,41.94444444444464,68.41666666666751
1,756,155.27777777777783,8244,63.30555555555638,65.47222222222314
1,757,142.1111111111111,8244,31.222222222222154,75.1388888888896
1,758,135.08333333333337,8244,56.055555555556175,56.527777777778525
1,759,137.7222222222222,8244,44.52777777777803,72.00000000000077
1,760,145.9444444444444,8244,57.88888888888955,61.30555555555643
1,761,159.2222222222222,8244,44.86111111111139,65.86111111111202
1,762,153.05555555555551,8244,42.08333333333353,64.1944444444454
1,763,143.16666666666663,8244,53.833333333333876,60.638888888889745
1,764,163.08333333333334,8268,63.75000000000083,56.8055555555563
1,765,148.1388888888889,8286,44.166666666666906,64.9166666666676
1,766,141.52777777777774,8316,44.4444444444447,69.75000000000081
1,767,158.3333333333333,8316,56.638888888889525,60.33333333333419
1,768,154.11111111111114,8400,42.38888888888911,67.33333333333421
1,769,152.13888888888886,8448,54.47222222222278,62.7777777777787
1,770,149.33333333333331,8466,66.77777777777868,55.83333333333405
1,771,146.66666666666674,8484,42.30555555555576,65.61111111111202
1,772,136.11111111111117,8502,51.638888888889376,64.75000000000094
1,773,182.47222222222217,8520,45.38888888888919,77.50000000000064
1,774,136.3611111111111,8520,60.972222222222975,63.000000000000924
1,775,160.36111111111117,8532,65.63888888888977,65.66666666666758
1,776,142.11111111111111,8532,46.111111111111434,69.1666666666675
1,777,156.44444444444449,8544,56.027777777778375,58.91666666666747
1,778,142.11111111111114,8544,54.38888888888945,60.777777777778645
1,779,154.41666666666669,8556,61.11111111111187,62.61111111111202
1,780,152.8055555555556,8562,50.13888888888933,64.44444444444538
1,781,157.33333333333334,8562,49.33333333333375,67.91666666666754
1,782,145.86111111111114,8562,36.4444444444445,74.7777777777785
1,783,154.41666666666666,8568,52.5000000000005,61.611111111112
1,784,139.13888888888889,8574,48.30555555555592,67.111111111112
1,785,123.08333333333333,8586,70.58333333333432,61.861111111112
1,786,142.33333333333334,8592,62.88888888888969,58.61111111111192
1,787,135.05555555555563,8604,54.69444444444499,58.66666666666747
1,788,155.27777777777777,8652,48.27777777777817,69.69444444444527
1,789,147.13888888888894,8664,56.333333333333954,60.055555555556396
1,790,155.61111111111111,8682,59.2500000000007,70.6388888888897
1,791,134.52777777777777,8718,34.47222222222222,78.22222222222285
1,792,101.27777777777779,8718,78.8611111111122,55.527777777778496
1,793,139.22222222222229,8766,41.27777777777794,69.55555555555638
1,794,137.13888888888897,8772,68.22222222222317,67.30555555555644
1,795,150.77777777777783,8784,41.77777777777797,79.2500000000006
1,796,145.08333333333334,8808,40.72222222222237,68.91666666666752
1,797,143.33333333333337,8820,43.38888888888913,73.69444444444518
1,798,140.1666666666667,8820,33.99999999999998,72.63888888888964
1,799,110.49999999999999,8820,63.611111111111946,59.9166666666675
1,800,136.50000000000003,8826,63.05555555555637,63.47222222222317
1,801,143.4444444444445,8838,42.027777777777985,65.11111111111204
1,802,146.41666666666674,8838,42.555555555555785,71.1388888888897
1,803,123.61111111111114,8838,63.305555555556346,56.66666666666742
1,804,134.13888888888894,8838,39.72222222222236,74.80555555555625
1,805,153.44444444444454,8838,54.027777777778326,62.22222222222313
1,806,128.66666666666669,8844,62.861111111111896,54.69444444444514
1,807,135.38888888888894,8856,68.52777777777871,58.444444444445246
1,808,134.69444444444446,8868,39.916666666666806,69.47222222222304
1,809,140.83333333333337,8868,36.083333333333364,70.08333333333415
1,810,160.25000000000006,8874,51.50000000000048,75.38888888888958
1,811,131.41666666666674,8910,68.83333333333425,58.888888888889696
1,812,119.61111111111111,8946,57.44444444444509,60.8333333333342
1,813,128.97222222222217,8952,58.333333333334004,61.00000000000087
1,814,152.7222222222222,8952,43.583333333333584,58.77777777777858
1,815,160.61111111111117,8952,59.8888888888896,65.69444444444535
1,816,139.75,8982,52.55555555555605,61.63888888888978
1,817,141.38888888888894,8988,42.27777777777799,65.66666666666758
1,818,140.94444444444443,8988,61.66666666666743,58.16666666666745
1,819,139.02777777777777,8994,56.19444444444505,54.91666666666736
1,820,152.7777777777778,8994,49.11111111111152,70.72222222222301
1,821,147.61111111111111,9024,55.472222222222804,60.250000000000846
1,822,148.63888888888886,9024,40.80555555555574,69.7777777777786
1,823,138.25000000000003,9030,46.55555555555591,65.8888888888898
1,824,152.41666666666663,9042,45.58333333333364,69.11111111111195
1,825,140.16666666666669,9054,48.666666666667076,57.916666666667446
1,826,138.1111111111111,9054,46.500000000000334,70.3888888888897
1,827,126.63888888888896,9078,75.05555555555665,57.86111111111189
1,828,135.50000000000003,9096,38.52777777777789,68.00000000000085
1,829,133.05555555555557,9096,44.13888888888917,64.36111111111205
1,830,152.8888888888889,9102,46.722222222222555,70.52777777777858
1,831,142.24999999999991,9108,40.61111111111128,74.72222222222292
1,832,142.13888888888894,9114,55.05555555555612,56.41666666666741
1,833,137.86111111111114,9120,52.61111111111162,70.5000000000008
1,834,136.27777777777774,9120,65.97222222222312,64.30555555555651
1,835,150.02777777777786,9120,37.80555555555564,73.69444444444517
1,836,155.02777777777789,9120,40.86111111111127,72.91666666666742
1,837,138.77777777777777,9132,52.611111111111605,59.638888888889724
1,838,156.52777777777783,9132,36.38888888888892,71.5000000000008
1,839,141.22222222222223,9132,48.66666666666705,63.194444444445374
1,840,126.30555555555551,9132,52.88888888888939,52.47222222222285
1,841,154.72222222222226,9138,48.69444444444484,67.83333333333421
1,842,139.22222222222226,9138,57.08333333333396,64.22222222222317
1,843,145.6944444444444,9144,55.583333333333925,63.44444444444539
1,844,150.19444444444449,9150,36.33333333333339,68.77777777777862
1,845,142.11111111111111,9186,51.22222222222269,68.36111111111195
1,846,136.25000000000006,9228,42.222222222222435,69.75000000000082
1,847,148.69444444444446,9228,54.36111111111167,63.97222222222318
1,848,144.22222222222226,9228,65.94444444444532,59.80555555555639
1,849,159.3888888888889,9228,33.666666666666615,63.583333333334274
1,850,133.47222222222223,9246,47.38888888888925,65.13888888888982
1,851,129.0,9288,48.55555555555594,65.80555555555647
1,852,138.3888888888889,9288,47.94444444444483,64.1944444444454
1,853,126.55555555555553,9300,62.944444444445246,67.66666666666752
1,854,138.08333333333331,9360,50.888888888889355,64.36111111111204
1,855,135.33333333333334,9372,74.02777777777887,56.08333333333406
1,856,123.69444444444446,9372,54.166666666667226,67.33333333333421
1,857,150.30555555555563,9372,39.66666666666678,66.52777777777867
1,858,142.16666666666669,9390,50.66666666666711,59.416666666667496
1,859,136.5,9402,44.75000000000029,64.97222222222315
1,860,128.94444444444446,9420,54.02777777777834,66.9722222222231
1,861,154.36111111111123,9444,45.22222222222251,71.5000000000008
1,862,157.36111111111117,9444,50.416666666667105,59.33333333333415
1,863,166.80555555555551,9450,50.472222222222655,58.83333333333414
1,864,141.11111111111106,9462,44.138888888889156,78.36111111111171
1,865,163.16666666666677,9462,53.58333333333386,67.77777777777864
1,866,149.83333333333337,9462,56.27777777777839,68.38888888888974
1,867,139.6388888888889,9468,68.66666666666755,61.861111111112
1,868,165.4444444444445,9474,45.27777777777807,69.1666666666675
1,869,149.38888888888889,9474,57.69444444444509,63.00000000000093
1,870,144.58333333333331,9480,60.222222222222946,62.694444444445374
1,871,152.5555555555556,9480,53.75000000000054,58.05555555555634
1,872,129.1111111111111,9480,53.00000000000052,63.80555555555651
1,873,160.9444444444445,9480,57.91666666666731,61.02777777777865
1,874,145.16666666666674,9492,36.52777777777783,69.47222222222305
1,875,136.50000000000003,9492,55.08333333333389,65.27777777777871
1,876,132.08333333333334,9504,42.2500000000002,64.52777777777872
1,877,141.4722222222222,9504,61.88888888888966,58.00000000000078
1,878,142.69444444444443,9504,70.6111111111121,62.44444444444535
1,879,155.5,9516,44.50000000000029,73.63888888888961
1,880,129.02777777777774,9516,37.36111111111121,70.72222222222302
1,881,148.02777777777789,9516,59.19444444444514,63.8055555555565
1,882,143.3888888888889,9516,66.38888888888978,58.916666666667474
1,883,154.97222222222229,9582,44.500000000000284,71.38888888888967
1,884,148.66666666666669,9582,71.63888888888991,52.916666666667304
1,885,138.27777777777786,9588,56.77777777777839,62.05555555555645
1,886,141.00000000000003,9588,50.61111111111155,67.00000000000088
1,887,146.91666666666669,9588,52.083333333333826,63.44444444444539
1,888,139.69444444444449,9588,50.61111111111157,54.16666666666734
1,889,164.8055555555556,9588,44.58333333333361,66.44444444444534
1,890,142.6666666666667,9600,48.361111111111505,66.72222222222311
1,891,128.61111111111114,9600,59.08333333333401,58.055555555556346
1,892,118.88888888888886,9600,44.611111111111384,62.611111111112024
1,893,133.52777777777774,9624,55.11111111111168,67.13888888888977
1,894,121.3888888888889,9624,46.222222222222555,77.11111111111175
1,895,132.33333333333334,9630,59.5000000000007,70.83333333333412
1,896,138.77777777777777,9636,46.11111111111144,69.94444444444527
1,897,139.6388888888888,9708,58.08333333333399,63.4166666666676
1,898,145.91666666666666,9720,68.5833333333342,55.02777777777848
1,899,153.91666666666677,9732,58.55555555555624,58.66666666666747
1,900,131.25,9732,60.666666666667396,57.166666666667425
1,901,140.50000000000003,9732,68.6666666666676,60.16666666666752
1,902,133.30555555555554,9774,57.750000000000654,57.02777777777854
1,903,145.86111111111117,9840,69.50000000000091,63.36111111111205
1,904,128.80555555555557,9894,62.694444444445246,65.97222222222312
1,905,142.44444444444449,9912,37.30555555555563,70.91666666666745
1,906,139.83333333333331,9918,49.13888888888931,59.69444444444529
1,907,120.19444444444441,9924,50.305555555555976,64.9166666666676
1,908,138.25000000000006,9942,52.833333333333854,55.66666666666738
1,909,127.91666666666671,9948,60.86111111111185,60.16666666666752
1,910,113.49999999999999,9954,51.27777777777824,66.05555555555647
1,911,147.47222222222226,9966,37.13888888888895,70.55555555555637
1,912,154.94444444444449,9966,40.72222222222237,61.750000000000895
1,913,150.6944444444445,9966,41.027777777777956,69.19444444444528
1,914,157.94444444444446,9972,47.72222222222259,67.27777777777867
1,915,137.55555555555557,9984,53.47222222222276,58.25000000000079
1,916,124.88888888888884,9984,42.527777777777985,65.13888888888981
1,917,146.2777777777778,9990,37.30555555555564,70.3888888888897
1,918,139.9166666666667,9996,37.277777777777835,70.33333333333414
1,919,129.9722222222222,9996,44.583333333333606,59.305555555556374
1,920,149.88888888888894,10008,42.47222222222246,67.80555555555641
1,921,146.11111111111117,10008,58.194444444445104,61.55555555555644
1,922,133.05555555555551,10008,59.583333333334046,54.91666666666737
1,923,158.1111111111111,10020,47.72222222222258,63.972222222223174
1,924,186.52777777777783,10056,41.41666666666685,70.36111111111191
1,925,133.19444444444446,10062,44.888888888889184,70.77777777777857
1,926,135.47222222222223,10062,40.88888888888908,79.52777777777838
1,927,137.83333333333337,10074,51.861111111111576,66.2500000000009
1,928,164.6388888888889,10074,49.47222222222265,65.41666666666758
1,929,139.75000000000006,10074,41.91666666666688,65.6388888888898
1,930,142.6388888888889,10074,61.63888888888965,58.472222222223024
1,931,130.47222222222223,10092,59.94444444444517,60.6944444444453
1,932,156.72222222222226,10092,38.83333333333343,62.91666666666759
1,933,133.08333333333337,10092,58.444444444445125,67.55555555555642
1,934,167.63888888888897,10110,52.472222222222726,75.11111111111181
1,935,148.9722222222222,10158,39.97222222222237,71.22222222222301
1,936,155.11111111111114,10170,45.000000000000284,63.750000000000945
1,937,123.55555555555559,10170,63.83333333333415,59.11111111111193
1,938,125.66666666666669,10176,35.944444444444485,73.47222222222294
1,939,133.3055555555556,10200,48.16666666666702,58.44444444444524
1,940,139.80555555555557,10206,33.77777777777774,65.47222222222314
1,941,153.16666666666663,10206,39.833333333333485,65.08333333333425
1,942,156.38888888888897,10206,39.500000000000135,67.8333333333342
1,943,122.41666666666666,10206,47.388888888889234,61.88888888888979
1,944,140.63888888888886,10230,49.5277777777782,73.05555555555632
1,945,146.36111111111111,10242,54.194444444445,67.91666666666752
1,946,131.25000000000003,10260,77.38888888889005,51.97222222222284
1,947,155.22222222222223,10260,63.22222222222304,62.361111111112024
1,948,135.13888888888889,10260,55.58333333333392,66.36111111111201
1,949,161.11111111111114,10272,42.50000000000023,77.05555555555621
1,950,145.69444444444443,10296,44.166666666666956,65.08333333333427
1,951,150.30555555555551,10296,67.66666666666758,58.75000000000081
1,952,161.05555555555563,10296,72.61111111111215,49.916666666667226
1,953,129.13888888888889,10308,41.194444444444635,70.86111111111191
1,954,132.69444444444443,10308,33.55555555555552,73.86111111111182
1,955,135.52777777777774,10320,58.16666666666734,60.55555555555642
1,956,131.33333333333337,10320,59.611111111111825,59.61111111111194
1,957,146.19444444444443,10338,39.0277777777779,69.00000000000084
1,958,164.66666666666674,10350,45.500000000000306,70.08333333333414
1,959,168.83333333333334,10368,59.444444444445146,63.888888888889845
1,960,125.47222222222221,10368,32.249999999999936,72.44444444444521
1,961,129.6111111111111,10392,50.75000000000046,66.86111111111201
1,962,155.7777777777778,10392,48.66666666666707,68.88888888888972
1,963,131.38888888888894,10398,57.47222222222287,66.16666666666758
1,964,124.55555555555556,10416,55.08333333333391,67.75000000000087
1,965,160.50000000000003,10422,34.888888888888864,66.2500000000009
1,966,146.97222222222229,10428,51.02777777777823,70.55555555555634
1,967,153.0833333333333,10434,47.361111111111484,65.72222222222314
1,968,153.44444444444449,10434,59.94444444444517,61.194444444445324
1,969,111.61111111111113,10434,54.80555555555614,65.47222222222314
1,970,150.5555555555556,10440,68.3055555555565,61.36111111111199
1,971,130.16666666666669,10440,43.22222222222245,67.4722222222231
1,972,150.88888888888889,10440,32.99999999999996,59.805555555556396
1,973,131.66666666666669,10446,45.02777777777806,74.05555555555625
1,974,121.94444444444447,10446,46.555555555555905,74.11111111111185
1,975,137.77777777777786,10500,64.91666666666752,61.027777777778645
1,976,135.6666666666667,10518,39.05555555555567,63.22222222222316
1,977,162.55555555555554,10530,43.583333333333584,73.3055555555563
1,978,134.69444444444446,10530,52.472222222222726,59.777777777778624
1,979,143.0833333333334,10530,50.94444444444491,66.69444444444534
1,980,144.08333333333334,10542,61.722222222222975,65.11111111111204
1,981,138.33333333333337,10566,60.41666666666739,51.25000000000059
1,982,136.38888888888886,10572,53.13888888888939,61.944444444445345
1,983,151.8888888888889,10584,49.722222222222655,61.80555555555645
1,984,154.2777777777778,10584,58.250000000000675,66.77777777777867
1,985,146.36111111111111,10608,45.52777777777809,69.7777777777786
1,986,116.69444444444444,10614,57.86111111111177,63.2777777777787
1,987,147.44444444444446,10614,46.30555555555586,69.38888888888971
1,988,126.50000000000007,10614,33.72222222222221,66.66666666666757
1,989,144.61111111111114,10620,50.36111111111156,70.83333333333411
1,990,139.41666666666663,10620,47.916666666667055,68.72222222222305
1,991,135.0,10620,56.80555555555617,71.5833333333341
1,992,146.13888888888894,10662,58.388888888889554,61.08333333333421
1,993,153.8333333333333,10668,82.00000000000126,52.00000000000061
1,994,131.86111111111111,10692,81.50000000000117,55.750000000000725
1,995,132.8888888888889,10692,43.916666666666934,67.36111111111198
1,996,142.6666666666667,10698,71.08333333333428,49.166666666667204
1,997,137.38888888888889,10764,61.47222222222295,58.00000000000079
1,998,138.77777777777786,10764,56.22222222222284,59.63888888888972
1,999,128.36111111111111,10764,46.194444444444756,60.25000000000084
1,1000,125.9166666666667,10764,58.000000000000654,55.7777777777785
