agentid,step,ExpectedQvalue,CumulativeReward,center1_q,center2_q
0,1,35.69444444444446,0,8.861111111111097,14.444444444444422
0,2,44.19444444444445,0,7.722222222222208,18.55555555555555
0,3,33.11111111111111,0,6.694444444444434,12.555555555555538
0,4,35.50000000000001,0,5.944444444444437,17.944444444444436
0,5,36.61111111111112,0,5.8888888888888795,12.916666666666645
0,6,39.08333333333335,0,9.27777777777776,13.749999999999986
0,7,34.08333333333334,0,7.222222222222208,15.49999999999998
0,8,42.861111111111114,0,6.972222222222211,18.52777777777778
0,9,23.611111111111118,0,8.666666666666652,16.83333333333333
0,10,39.805555555555564,0,8.027777777777763,13.305555555555534
0,11,42.083333333333336,0,7.8611111111110965,16.611111111111093
0,12,33.5,0,8.777777777777759,12.138888888888872
0,13,35.00000000000001,0,8.77777777777776,15.388888888888866
0,14,33.166666666666686,0,8.916666666666648,14.833333333333314
0,15,31.833333333333332,0,5.388888888888883,15.02777777777775
0,16,31.750000000000004,0,9.583333333333316,15.444444444444429
0,17,40.97222222222221,0,6.777777777777765,18.527777777777786
0,18,41.972222222222214,0,9.833333333333314,14.444444444444425
0,19,37.16666666666667,0,5.63888888888888,12.722222222222205
0,20,43.138888888888886,0,11.166666666666657,15.527777777777754
0,21,39.47222222222223,0,7.499999999999986,17.722222222222225
0,22,34.72222222222223,0,8.972222222222205,12.7222222222222
0,23,41.972222222222214,0,7.666666666666653,17.305555555555546
0,24,41.8611111111111,0,9.083333333333318,17.888888888888886
0,25,35.47222222222223,0,5.916666666666659,16.027777777777754
0,26,40.36111111111111,0,5.41666666666666,15.666666666666648
0,27,31.97222222222223,0,6.666666666666657,16.611111111111097
0,28,39.00000000000001,0,7.888888888888876,15.41666666666665
0,29,41.97222222222223,0,10.999999999999982,17.5
0,30,40.88888888888889,0,7.47222222222221,22.722222222222253
0,31,30.527777777777786,0,9.749999999999986,17.444444444444425
0,32,36.388888888888886,0,8.19444444444443,19.19444444444444
0,33,29.555555555555557,0,9.277777777777764,15.277777777777755
0,34,33.222222222222214,0,5.388888888888884,12.55555555555554
0,35,32.472222222222236,0,5.027777777777773,17.58333333333332
0,36,41.75000000000001,0,6.194444444444435,12.111111111111091
0,37,42.77777777777778,0,3.694444444444443,17.722222222222207
0,38,34.88888888888889,0,6.138888888888879,22.111111111111107
0,39,40.69444444444445,0,9.94444444444443,12.249999999999986
0,40,38.83333333333334,0,9.36111111111109,18.027777777777768
0,41,33.97222222222222,0,6.388888888888878,17.194444444444425
0,42,41.63888888888891,0,9.111111111111095,20.33333333333334
0,43,35.583333333333336,0,6.9999999999999885,12.02777777777776
0,44,34.02777777777778,0,5.249999999999995,15.305555555555529
0,45,37.111111111111114,0,10.388888888888872,12.36111111111109
0,46,32.3888888888889,0,7.777777777777763,19.611111111111132
0,47,33.25000000000001,0,8.55555555555554,15.69444444444442
0,48,35.027777777777786,0,9.194444444444429,15.527777777777757
0,49,42.749999999999986,0,7.69444444444443,14.444444444444422
0,50,37.00000000000001,0,7.2499999999999885,10.99999999999998
0,51,38.999999999999986,0,6.944444444444431,12.999999999999986
0,52,36.83333333333334,0,8.333333333333318,12.972222222222205
0,53,44.47222222222222,0,10.388888888888872,14.333333333333316
0,54,38.36111111111114,0,7.3333333333333215,15.083333333333316
0,55,28.80555555555556,0,5.083333333333327,19.5
0,56,36.30555555555557,0,6.49999999999999,16.722222222222197
0,57,35.47222222222223,0,7.805555555555541,17.611111111111097
0,58,36.05555555555557,0,5.8888888888888795,20.111111111111118
0,59,43.11111111111112,0,5.638888888888881,19.44444444444445
0,60,47.88888888888891,0,6.472222222222212,14.777777777777754
0,61,35.38888888888888,0,10.305555555555536,12.30555555555554
0,62,30.861111111111107,0,10.472222222222202,11.305555555555541
0,63,39.61111111111109,0,12.583333333333316,15.333333333333316
0,64,44.88888888888888,0,6.1388888888888795,12.444444444444423
0,65,43.36111111111112,0,9.916666666666654,18.694444444444436
0,66,34.500000000000014,0,8.444444444444429,17.833333333333325
0,67,39.16666666666668,96,11.027777777777757,19.333333333333325
0,68,39.61111111111112,102,7.416666666666652,13.416666666666645
0,69,39.361111111111114,120,10.916666666666648,13.027777777777759
0,70,48.5,120,15.416666666666645,14.861111111111093
0,71,40.388888888888886,120,11.111111111111091,18.13888888888888
0,72,39.91666666666667,120,8.194444444444429,17.722222222222204
0,73,46.13888888888889,120,7.0833333333333215,16.88888888888886
0,74,40.63888888888889,120,11.055555555555538,17.916666666666643
0,75,47.3611111111111,120,10.861111111111095,11.80555555555554
0,76,36.916666666666664,120,11.333333333333313,18.44444444444442
0,77,36.47222222222223,120,10.27777777777776,14.916666666666648
0,78,40.888888888888886,120,3.805555555555555,20.861111111111132
0,79,41.52777777777778,120,10.027777777777766,13.88888888888887
0,80,42.16666666666666,120,8.583333333333318,11.305555555555538
0,81,32.3888888888889,120,9.305555555555536,15.749999999999984
0,82,57.27777777777781,120,15.36111111111109,14.555555555555534
0,83,31.97222222222221,204,4.972222222222216,18.722222222222225
0,84,39.000000000000014,228,16.916666666666643,16.49999999999999
0,85,47.0,234,7.999999999999984,16.416666666666654
0,86,37.61111111111112,234,9.722222222222205,16.305555555555536
0,87,44.416666666666664,240,12.305555555555532,19.77777777777778
0,88,50.75000000000001,240,7.6111111111110965,17.361111111111107
0,89,50.19444444444446,240,15.916666666666638,10.055555555555538
0,90,47.33333333333335,240,10.083333333333318,20.750000000000004
0,91,49.1388888888889,240,8.749999999999984,20.333333333333332
0,92,49.41666666666669,240,19.27777777777776,14.222222222222207
0,93,49.277777777777786,240,8.777777777777763,21.527777777777768
0,94,57.97222222222224,240,11.805555555555538,18.75
0,95,54.88888888888889,240,14.16666666666665,8.277777777777763
0,96,41.75,240,17.249999999999982,10.611111111111098
0,97,47.24999999999999,240,11.694444444444425,16.916666666666647
0,98,43.583333333333336,240,12.388888888888866,19.916666666666664
0,99,40.75000000000001,240,18.61111111111109,14.833333333333318
0,100,46.5277777777778,240,13.52777777777775,12.7222222222222
0,101,50.47222222222224,240,10.722222222222205,18.52777777777776
0,102,40.19444444444445,240,9.77777777777776,18.94444444444446
0,103,55.750000000000014,240,15.499999999999973,18.944444444444436
0,104,47.80555555555554,240,11.027777777777755,20.66666666666668
0,105,41.805555555555564,240,14.527777777777752,16.083333333333314
0,106,48.805555555555536,240,9.027777777777763,17.638888888888875
0,107,52.11111111111111,240,16.444444444444425,12.166666666666648
0,108,49.02777777777777,240,19.58333333333334,13.861111111111095
0,109,46.583333333333336,240,12.472222222222198,20.111111111111125
0,110,51.30555555555558,240,19.305555555555543,18.277777777777782
0,111,48.5,240,8.277777777777764,14.916666666666643
0,112,49.72222222222222,240,11.472222222222205,17.055555555555546
0,113,45.61111111111113,240,15.027777777777752,13.583333333333309
0,114,40.25000000000001,240,15.194444444444418,21.194444444444464
0,115,55.36111111111113,240,15.833333333333309,16.333333333333314
0,116,47.63888888888889,240,15.16666666666664,9.555555555555541
0,117,51.916666666666664,240,15.833333333333313,14.916666666666643
0,118,43.33333333333335,240,13.361111111111084,17.916666666666668
0,119,51.05555555555554,240,16.777777777777754,14.111111111111086
0,120,51.16666666666669,240,19.749999999999982,16.972222222222204
0,121,44.805555555555564,240,13.69444444444442,17.666666666666664
0,122,52.361111111111114,240,15.722222222222197,11.02777777777776
0,123,37.416666666666664,240,13.777777777777752,18.55555555555554
0,124,47.72222222222224,240,18.666666666666643,17.444444444444432
0,125,52.58333333333336,240,9.333333333333318,23.13888888888895
0,126,44.75000000000002,240,11.777777777777759,15.666666666666652
0,127,46.916666666666664,240,16.166666666666647,14.61111111111109
0,128,47.83333333333334,240,13.694444444444422,18.499999999999993
0,129,52.77777777777778,240,8.77777777777776,17.66666666666666
0,130,50.33333333333334,240,16.611111111111082,14.249999999999977
0,131,42.22222222222223,240,17.194444444444425,15.888888888888864
0,132,44.91666666666668,240,13.055555555555532,19.7777777777778
0,133,53.83333333333336,240,12.583333333333309,16.722222222222204
0,134,50.91666666666665,240,12.38888888888887,20.472222222222243
0,135,44.83333333333333,240,11.305555555555534,18.999999999999996
0,136,50.08333333333333,240,15.027777777777759,16.77777777777776
0,137,43.66666666666668,240,19.638888888888882,19.916666666666668
0,138,38.08333333333335,240,11.249999999999982,17.1111111111111
0,139,47.250000000000036,240,11.472222222222202,14.111111111111088
0,140,43.27777777777779,240,14.86111111111109,14.944444444444416
0,141,57.222222222222236,240,14.083333333333309,17.527777777777775
0,142,42.861111111111114,240,9.41666666666665,21.05555555555556
0,143,53.50000000000001,240,14.416666666666643,20.22222222222224
0,144,55.361111111111114,240,11.583333333333313,16.222222222222204
0,145,53.22222222222222,240,12.972222222222197,13.416666666666654
0,146,45.5,240,15.388888888888863,19.44444444444445
0,147,49.33333333333334,240,17.027777777777754,16.194444444444425
0,148,41.72222222222222,240,10.555555555555536,15.583333333333314
0,149,45.72222222222225,240,15.777777777777748,13.24999999999998
0,150,47.25000000000001,240,15.277777777777743,16.388888888888868
0,151,59.6388888888889,240,15.305555555555525,20.305555555555554
0,152,52.08333333333332,240,16.9722222222222,14.333333333333313
0,153,37.08333333333333,240,19.777777777777764,20.58333333333334
0,154,46.86111111111112,432,14.138888888888863,25.1666666666667
0,155,51.30555555555557,450,13.80555555555553,14.527777777777764
0,156,48.30555555555556,450,12.444444444444423,17.499999999999996
0,157,60.30555555555557,450,18.805555555555546,19.33333333333332
0,158,57.222222222222236,450,11.861111111111088,12.16666666666665
0,159,54.94444444444446,450,13.333333333333313,14.58333333333332
0,160,44.055555555555564,450,21.194444444444436,13.361111111111097
0,161,49.44444444444445,450,20.3888888888889,10.41666666666665
0,162,46.36111111111113,450,10.277777777777764,17.083333333333332
0,163,53.86111111111111,450,18.611111111111104,11.888888888888879
0,164,46.72222222222223,450,14.916666666666641,17.194444444444443
0,165,60.72222222222224,450,14.916666666666645,12.305555555555546
0,166,51.083333333333364,450,12.27777777777776,17.333333333333325
0,167,54.58333333333334,450,9.194444444444427,14.08333333333332
0,168,45.30555555555556,450,8.52777777777776,19.138888888888886
0,169,54.16666666666665,450,12.111111111111095,17.305555555555543
0,170,52.38888888888888,450,14.74999999999998,15.527777777777768
0,171,47.2777777777778,450,23.805555555555586,14.333333333333316
0,172,41.80555555555555,450,19.94444444444445,11.249999999999984
0,173,36.94444444444444,450,27.000000000000014,14.583333333333327
0,174,45.194444444444464,450,11.583333333333316,17.22222222222222
0,175,51.44444444444447,450,11.722222222222204,15.333333333333316
0,176,46.19444444444446,450,16.277777777777757,18.638888888888903
0,177,50.41666666666667,450,16.16666666666664,13.611111111111102
0,178,47.47222222222224,450,14.499999999999973,16.472222222222207
0,179,51.166666666666664,450,18.305555555555543,19.27777777777778
0,180,53.5277777777778,450,24.166666666666654,15.916666666666655
0,181,58.91666666666667,450,20.055555555555543,19.333333333333353
0,182,49.30555555555556,450,13.416666666666648,13.555555555555546
0,183,52.47222222222221,450,18.388888888888893,18.027777777777775
0,184,51.888888888888914,450,12.305555555555541,20.694444444444436
0,185,49.166666666666686,450,13.861111111111086,17.999999999999996
0,186,55.05555555555557,450,16.527777777777754,17.999999999999986
0,187,56.138888888888914,450,12.305555555555534,18.916666666666668
0,188,56.72222222222223,450,15.02777777777775,16.583333333333318
0,189,52.50000000000001,450,12.44444444444442,14.055555555555545
0,190,56.30555555555555,450,12.361111111111088,14.722222222222218
0,191,51.25,450,12.249999999999979,19.083333333333343
0,192,47.888888888888886,450,18.63888888888888,15.194444444444434
0,193,57.861111111111114,450,23.805555555555546,16.16666666666665
0,194,59.83333333333334,450,14.972222222222195,15.777777777777754
0,195,49.86111111111111,450,15.055555555555529,15.749999999999986
0,196,48.50000000000003,450,21.999999999999993,13.277777777777764
0,197,52.944444444444436,450,19.638888888888868,16.388888888888882
0,198,54.97222222222222,450,19.055555555555543,14.944444444444434
0,199,58.52777777777777,450,10.749999999999984,19.05555555555556
0,200,59.47222222222223,450,12.861111111111088,16.83333333333332
0,201,56.86111111111112,450,9.749999999999986,17.361111111111114
0,202,48.52777777777777,474,9.361111111111095,19.638888888888886
0,203,42.88888888888888,474,11.749999999999982,13.277777777777766
0,204,46.75,474,17.638888888888868,14.555555555555543
0,205,42.36111111111112,474,12.36111111111109,14.694444444444434
0,206,53.83333333333336,474,8.833333333333318,20.222222222222232
0,207,46.13888888888891,474,7.94444444444443,19.3611111111111
0,208,53.86111111111113,474,19.083333333333336,19.944444444444454
0,209,47.75000000000002,474,16.24999999999998,18.055555555555554
0,210,46.805555555555564,474,13.833333333333307,19.861111111111125
0,211,57.16666666666668,474,12.416666666666647,19.750000000000007
0,212,44.55555555555557,474,16.888888888888868,19.61111111111114
0,213,52.86111111111112,474,10.972222222222204,15.388888888888877
0,214,48.91666666666667,474,16.888888888888875,14.583333333333318
0,215,50.72222222222222,474,12.74999999999998,17.888888888888896
0,216,45.80555555555558,474,19.388888888888882,15.52777777777777
0,217,48.61111111111113,474,15.111111111111084,11.6111111111111
0,218,50.694444444444436,474,12.194444444444425,22.6666666666667
0,219,55.41666666666667,474,12.444444444444429,22.472222222222246
0,220,51.02777777777778,474,14.88888888888887,11.777777777777768
0,221,42.666666666666664,474,11.722222222222204,16.277777777777782
0,222,57.138888888888914,474,14.444444444444427,18.444444444444425
0,223,60.83333333333336,474,8.861111111111097,19.638888888888893
0,224,55.00000000000001,474,13.194444444444425,16.86111111111109
0,225,59.94444444444445,474,16.666666666666647,16.555555555555546
0,226,56.02777777777779,474,11.749999999999975,16.611111111111107
0,227,58.66666666666666,474,14.749999999999973,16.694444444444443
0,228,50.38888888888891,474,18.638888888888882,12.83333333333333
0,229,65.36111111111111,660,17.666666666666654,31.388888888888932
0,230,53.75000000000002,666,14.249999999999975,22.444444444444546
0,231,57.80555555555557,666,8.222222222222207,21.00000000000007
0,232,47.63888888888891,666,11.027777777777757,23.3055555555556
0,233,50.00000000000002,666,13.944444444444418,18.472222222222225
0,234,51.83333333333335,846,13.416666666666647,15.41666666666664
0,235,60.08333333333332,1014,19.63888888888887,18.88888888888892
0,236,52.55555555555556,1014,20.777777777777768,12.444444444444427
0,237,50.0,1014,17.194444444444432,15.249999999999979
0,238,57.08333333333334,1020,11.416666666666645,19.55555555555556
0,239,47.250000000000014,1020,11.805555555555538,19.38888888888892
0,240,54.3888888888889,1020,12.499999999999982,20.222222222222257
0,241,56.94444444444445,1020,14.361111111111086,20.833333333333414
0,242,59.97222222222223,1152,13.305555555555529,22.55555555555564
0,243,49.11111111111113,1152,15.472222222222188,19.388888888888907
0,244,65.22222222222221,1152,14.138888888888868,22.13888888888895
0,245,64.0555555555556,1152,13.333333333333309,18.111111111111107
0,246,51.138888888888914,1152,11.694444444444425,20.444444444444446
0,247,54.527777777777786,1152,11.27777777777776,26.222222222222342
0,248,58.52777777777778,1152,17.666666666666657,17.083333333333325
0,249,60.27777777777779,1152,14.444444444444427,18.138888888888893
0,250,54.194444444444464,1152,21.055555555555557,21.555555555555614
0,251,60.69444444444447,1152,11.777777777777759,24.222222222222314
0,252,67.8888888888889,1152,15.36111111111108,19.527777777777782
0,253,47.638888888888886,1152,12.416666666666643,20.027777777777835
0,254,71.33333333333333,1152,10.194444444444429,25.027777777777896
0,255,50.36111111111111,1152,11.05555555555554,23.8333333333334
0,256,51.69444444444446,1152,15.111111111111088,23.69444444444454
0,257,60.833333333333336,1152,16.305555555555525,21.41666666666671
0,258,50.8888888888889,1152,13.583333333333313,29.166666666666853
0,259,56.472222222222236,1152,10.249999999999984,25.111111111111263
0,260,50.805555555555564,1152,12.416666666666645,25.111111111111246
0,261,57.3611111111111,1152,15.499999999999977,20.055555555555586
0,262,52.0,1152,14.611111111111086,21.80555555555564
0,263,46.388888888888886,1152,11.972222222222204,24.08333333333342
0,264,59.97222222222222,1152,17.08333333333331,18.722222222222253
0,265,59.50000000000004,1152,12.944444444444425,20.055555555555593
0,266,57.166666666666686,1152,9.472222222222205,21.63888888888893
0,267,56.88888888888887,1152,16.02777777777776,24.555555555555674
0,268,46.69444444444444,1152,13.222222222222198,18.944444444444475
0,269,56.91666666666664,1152,10.61111111111109,22.305555555555614
0,270,57.25,1152,12.888888888888872,28.16666666666687
0,271,55.638888888888886,1152,17.583333333333325,27.194444444444617
0,272,49.55555555555556,1152,11.277777777777763,19.222222222222253
0,273,56.444444444444436,1152,9.361111111111095,26.750000000000142
0,274,57.63888888888888,1152,14.527777777777752,19.61111111111115
0,275,54.166666666666686,1152,9.30555555555554,23.194444444444542
0,276,53.555555555555564,1152,11.638888888888868,23.361111111111196
0,277,61.72222222222222,1152,10.77777777777776,22.888888888888985
0,278,59.97222222222224,1152,12.49999999999998,19.277777777777807
0,279,54.16666666666668,1152,9.583333333333316,23.80555555555565
0,280,56.527777777777786,1152,10.916666666666648,29.80555555555576
0,281,57.583333333333364,1152,10.66666666666665,23.916666666666796
0,282,47.33333333333334,1152,16.41666666666664,19.94444444444447
0,283,47.88888888888889,1152,16.611111111111097,22.944444444444528
0,284,58.916666666666686,1152,11.361111111111088,22.13888888888894
0,285,51.83333333333334,1152,11.972222222222198,25.16666666666677
0,286,50.72222222222222,1152,14.138888888888863,18.25000000000002
0,287,48.333333333333336,1152,13.416666666666638,24.44444444444454
0,288,52.05555555555557,1152,14.138888888888866,25.027777777777963
0,289,54.47222222222224,1152,18.88888888888889,19.83333333333336
0,290,59.11111111111111,1152,11.24999999999998,23.55555555555567
0,291,62.75,1152,14.333333333333313,18.61111111111112
0,292,48.74999999999999,1152,13.24999999999998,22.583333333333407
0,293,52.58333333333335,1152,13.80555555555553,22.77777777777783
0,294,57.22222222222223,1152,11.52777777777776,20.777777777777825
0,295,52.861111111111114,1152,15.055555555555527,22.027777777777846
0,296,60.33333333333335,1152,9.055555555555538,21.444444444444496
0,297,53.805555555555564,1152,11.74999999999998,29.805555555555756
0,298,50.27777777777779,1152,15.61111111111108,23.277777777777885
0,299,58.138888888888886,1152,18.361111111111107,22.833333333333396
0,300,67.61111111111116,1152,13.222222222222207,19.833333333333385
0,301,60.97222222222224,1152,14.055555555555534,24.055555555555664
0,302,56.361111111111114,1158,13.222222222222204,31.50000000000021
0,303,53.83333333333334,1158,14.41666666666664,27.1944444444446
0,304,56.80555555555558,1158,15.944444444444413,21.250000000000064
0,305,54.69444444444445,1158,10.416666666666648,20.44444444444448
0,306,61.36111111111112,1158,16.19444444444442,21.30555555555558
0,307,59.027777777777786,1158,15.49999999999998,26.555555555555728
0,308,56.250000000000036,1158,15.41666666666664,24.638888888889003
0,309,63.111111111111114,1158,16.44444444444442,25.47222222222236
0,310,52.777777777777764,1158,18.638888888888857,22.388888888888967
0,311,57.74999999999999,1158,13.249999999999973,24.611111111111246
0,312,59.694444444444464,1158,18.638888888888875,18.749999999999993
0,313,66.47222222222223,1182,28.777777777777853,20.38888888888893
0,314,75.8888888888889,1230,16.80555555555553,22.38888888888896
0,315,73.72222222222221,1230,13.833333333333348,27.88888888888899
0,316,68.58333333333331,1242,21.44444444444446,26.02777777777795
0,317,73.22222222222221,1242,9.249999999999995,22.80555555555567
0,318,69.69444444444441,1242,14.750000000000025,29.361111111111278
0,319,77.94444444444441,1254,24.49999999999994,22.027777777777857
0,320,68.75000000000004,1254,18.555555555555543,25.305555555555657
0,321,76.66666666666666,1254,21.611111111111068,20.638888888888935
0,322,68.25000000000001,1260,18.027777777777786,19.02777777777783
0,323,76.3611111111111,1260,12.805555555555559,26.500000000000128
0,324,79.7222222222222,1350,16.805555555555596,28.083333333333503
0,325,66.58333333333331,1362,13.194444444444457,26.611111111111235
0,326,73.05555555555554,1362,21.000000000000014,27.888888888889046
0,327,61.66666666666667,1362,14.750000000000014,19.25000000000002
0,328,67.77777777777777,1524,18.2777777777778,25.222222222222392
0,329,76.55555555555554,1524,24.02777777777776,16.749999999999986
0,330,72.41666666666666,1524,23.194444444444393,15.222222222222195
0,331,71.99999999999999,1530,21.63888888888883,16.69444444444442
0,332,70.88888888888886,1554,17.972222222222246,21.166666666666703
0,333,76.33333333333331,1674,20.74999999999998,20.500000000000064
0,334,77.72222222222219,1674,19.63888888888891,20.80555555555561
0,335,62.27777777777775,1674,22.194444444444418,20.944444444444496
0,336,74.8611111111111,1674,18.6388888888889,24.083333333333446
0,337,76.22222222222223,1674,17.833333333333357,26.58333333333348
0,338,77.44444444444443,1686,21.16666666666664,27.611111111111324
0,339,77.19444444444443,1686,18.47222222222222,23.41666666666675
0,340,75.08333333333333,1686,15.527777777777803,25.222222222222356
0,341,86.2222222222222,1764,18.944444444444432,21.72222222222227
0,342,75.05555555555554,1848,17.083333333333346,24.69444444444457
0,343,77.63888888888887,1902,16.611111111111136,25.77777777777792
0,344,79.9444444444444,1908,16.527777777777803,30.027777777778024
0,345,80.83333333333333,1908,24.916666666666597,22.305555555555653
0,346,82.61111111111107,1908,27.27777777777772,15.972222222222195
0,347,80.80555555555553,1908,26.02777777777772,27.11111111111128
0,348,89.99999999999996,1908,20.58333333333332,22.083333333333368
0,349,76.08333333333334,1908,28.27777777777766,27.416666666666814
0,350,89.55555555555553,1908,26.638888888888804,25.861111111111267
0,351,85.30555555555554,1908,28.388888888888786,21.166666666666757
0,352,88.80555555555551,1908,34.27777777777768,25.333333333333467
0,353,88.41666666666666,1908,29.305555555555436,28.22222222222244
0,354,93.94444444444443,1908,35.91666666666662,26.02777777777793
0,355,86.91666666666663,1908,26.222222222222165,23.944444444444596
0,356,77.97222222222219,1908,39.1944444444445,22.38888888888899
0,357,78.77777777777779,1908,28.333333333333226,26.19444444444459
0,358,84.52777777777777,1908,37.02777777777777,26.388888888889046
0,359,84.58333333333331,1908,35.77777777777774,21.805555555555642
0,360,80.47222222222219,1908,33.4999999999999,23.583333333333417
0,361,81.13888888888884,1908,37.69444444444445,21.527777777777874
0,362,89.83333333333334,1908,34.52777777777768,24.833333333333428
0,363,82.33333333333331,1908,34.861111111111036,26.4722222222224
0,364,97.58333333333329,1908,23.583333333333282,24.527777777777864
0,365,88.13888888888889,1908,30.1388888888888,28.388888888889063
0,366,76.83333333333334,1908,28.22222222222212,24.222222222222314
0,367,73.49999999999997,1908,30.499999999999854,23.833333333333446
0,368,83.52777777777777,1908,27.388888888888772,26.13888888888901
0,369,80.69444444444444,1908,35.11111111111105,24.222222222222314
0,370,75.33333333333333,1908,35.66666666666662,24.13888888888902
0,371,94.41666666666666,1908,36.52777777777775,18.500000000000025
0,372,80.44444444444443,1908,32.63888888888874,21.083333333333385
0,373,97.02777777777776,1908,26.416666666666583,25.722222222222406
0,374,77.2222222222222,1908,34.55555555555548,20.250000000000064
0,375,85.77777777777777,1908,39.52777777777783,26.805555555555696
0,376,87.02777777777779,1908,23.777777777777725,28.416666666666863
0,377,92.44444444444443,1908,41.08333333333343,19.583333333333353
0,378,90.05555555555546,1908,33.9999999999999,26.833333333333478
0,379,91.24999999999999,1908,25.777777777777708,24.13888888888898
0,380,75.0833333333333,1908,31.638888888888733,28.416666666666874
0,381,87.49999999999994,1908,28.38888888888878,25.888888888889046
0,382,80.5833333333333,1908,35.44444444444439,21.500000000000085
0,383,80.55555555555557,1938,30.416666666666533,24.083333333333453
0,384,77.77777777777774,1938,23.08333333333329,24.194444444444542
0,385,86.94444444444446,1956,28.138888888888804,26.38888888888906
0,386,77.72222222222221,1956,36.24999999999998,22.777777777777835
0,387,87.8055555555555,1956,38.138888888888914,25.63888888888902
0,388,80.91666666666667,1956,33.97222222222213,26.694444444444635
0,389,83.30555555555556,1956,27.19444444444435,26.416666666666792
0,390,93.19444444444439,1956,37.972222222222236,19.361111111111118
0,391,74.83333333333331,1956,43.55555555555572,19.750000000000043
0,392,91.05555555555551,1956,33.72222222222214,23.666666666666785
0,393,76.52777777777779,1956,31.972222222222044,24.166666666666757
0,394,79.44444444444443,1962,37.194444444444436,24.30555555555567
0,395,89.88888888888886,1962,32.88888888888876,26.194444444444578
0,396,83.94444444444439,1962,30.97222222222209,25.55555555555569
0,397,76.83333333333331,1962,33.27777777777767,23.388888888888985
0,398,78.7222222222222,1962,25.333333333333247,27.472222222222396
0,399,85.80555555555553,1962,32.61111111111098,25.08333333333352
0,400,90.5,1962,22.416666666666625,24.861111111111217
0,401,77.19444444444443,1962,36.499999999999986,24.5833333333335
0,402,77.47222222222217,1962,33.05555555555548,23.500000000000092
0,403,90.47222222222227,1962,31.972222222222065,21.3055555555556
0,404,74.41666666666664,1962,33.24999999999987,26.833333333333513
0,405,80.19444444444441,1962,25.694444444444358,26.305555555555735
0,406,92.49999999999999,1962,20.972222222222197,34.11111111111138
0,407,88.63888888888887,1962,40.91666666666677,18.44444444444445
0,408,81.19444444444439,1962,38.75000000000004,23.97222222222236
0,409,84.33333333333333,1962,33.41666666666654,22.722222222222296
0,410,93.8055555555556,1974,39.500000000000064,19.638888888888935
0,411,78.52777777777776,1974,29.77777777777765,23.944444444444557
0,412,83.6111111111111,1974,34.166666666666586,24.94444444444459
0,413,90.5833333333333,2016,28.999999999999883,28.750000000000195
0,414,88.69444444444443,2040,35.499999999999936,27.750000000000185
0,415,75.66666666666667,2040,32.916666666666536,24.47222222222236
0,416,86.3611111111111,2040,33.555555555555465,19.444444444444482
0,417,83.27777777777777,2040,26.194444444444358,28.166666666666817
0,418,85.2222222222222,2040,34.72222222222214,24.527777777777924
0,419,86.9444444444444,2046,30.666666666666526,23.861111111111207
0,420,83.69444444444441,2046,38.500000000000014,24.05555555555565
0,421,99.88888888888886,2046,28.805555555555436,30.555555555555802
0,422,78.55555555555553,2046,29.694444444444336,24.222222222222342
0,423,83.49999999999997,2046,34.6388888888888,24.694444444444613
0,424,89.83333333333329,2052,41.55555555555568,19.63888888888893
0,425,83.16666666666669,2052,38.25000000000002,21.22222222222226
0,426,92.44444444444443,2058,29.08333333333322,21.25000000000003
0,427,84.58333333333336,2058,43.8611111111113,20.33333333333339
0,428,90.77777777777776,2058,31.2222222222221,19.47222222222225
0,429,92.69444444444439,2058,37.50000000000001,20.38888888888894
0,430,69.02777777777774,2058,41.222222222222335,17.555555555555564
0,431,83.52777777777777,2058,35.69444444444441,24.166666666666774
0,432,89.5833333333333,2058,31.499999999999865,31.416666666666888
0,433,81.58333333333333,2058,22.0833333333333,31.027777777777935
0,434,92.3055555555555,2064,25.361111111111047,28.027777777777956
0,435,84.24999999999999,2070,35.666666666666636,24.361111111111168
0,436,86.66666666666667,2070,35.8333333333333,22.888888888888957
0,437,92.63888888888889,2070,40.36111111111121,22.111111111111175
0,438,92.61111111111109,2070,29.38888888888876,27.527777777777967
0,439,81.77777777777776,2070,31.22222222222211,26.94444444444462
0,440,96.13888888888884,2076,31.499999999999847,24.08333333333342
0,441,81.30555555555551,2076,30.80555555555543,20.638888888888932
0,442,84.69444444444441,2076,34.74999999999995,30.277777777778017
0,443,76.44444444444441,2076,31.94444444444429,23.69444444444454
0,444,87.33333333333327,2082,36.44444444444443,27.83333333333353
0,445,92.13888888888887,2082,27.944444444444343,24.888888888889003
0,446,92.0555555555556,2082,33.36111111111099,25.08333333333351
0,447,89.80555555555551,2082,37.36111111111112,24.52777777777791
0,448,84.38888888888886,2082,38.52777777777783,20.25000000000004
0,449,88.38888888888884,2082,36.583333333333336,27.472222222222385
0,450,87.74999999999996,2082,31.611111111110972,25.055555555555692
0,451,79.88888888888886,2082,34.97222222222218,15.638888888888864
0,452,91.19444444444443,2082,37.27777777777777,20.388888888888925
0,453,90.8888888888889,2082,27.916666666666575,23.138888888889
0,454,81.30555555555553,2082,30.249999999999865,24.36111111111124
0,455,75.36111111111109,2082,31.58333333333322,30.333333333333584
0,456,92.86111111111107,2082,36.16666666666662,20.11111111111116
0,457,73.52777777777777,2082,36.13888888888887,21.638888888888975
0,458,86.27777777777776,2082,29.083333333333236,26.805555555555728
0,459,81.9722222222222,2082,25.22222222222216,22.833333333333425
0,460,81.99999999999997,2082,27.361111111111025,26.27777777777793
0,461,100.4166666666666,2082,32.52777777777764,22.80555555555563
0,462,93.0277777777777,2082,48.055555555555856,19.388888888888932
0,463,77.22222222222219,2082,34.972222222222165,23.08333333333338
0,464,85.66666666666661,2082,31.333333333333204,27.36111111111124
0,465,90.02777777777776,2082,32.166666666666515,31.19444444444465
0,466,69.16666666666667,2082,32.33333333333322,30.416666666666888
0,467,81.11111111111107,2082,34.74999999999991,18.722222222222232
0,468,87.69444444444444,2082,34.61111111111105,22.833333333333414
0,469,83.24999999999999,2082,25.416666666666607,26.55555555555572
0,470,89.27777777777779,2082,37.30555555555557,24.38888888888902
0,471,82.80555555555554,2082,34.97222222222216,22.694444444444525
0,472,84.55555555555551,2082,23.222222222222204,29.38888888888908
0,473,86.5,2082,33.66666666666656,19.166666666666703
0,474,81.30555555555557,2082,27.30555555555547,26.416666666666767
0,475,91.88888888888886,2082,43.94444444444463,26.277777777777928
0,476,96.4722222222222,2082,38.666666666666735,26.250000000000156
0,477,83.1944444444444,2082,29.49999999999991,24.19444444444452
0,478,98.02777777777774,2214,31.222222222222058,23.500000000000107
0,479,106.27777777777774,2220,32.361111111111,49.55555555555592
0,480,112.8055555555555,2730,45.66666666666689,45.72222222222245
0,481,109.24999999999997,2736,31.333333333333183,52.41666666666711
0,482,109.24999999999997,2736,32.69444444444432,44.36111111111133
0,483,107.11111111111109,2736,37.02777777777776,58.33333333333393
0,484,107.77777777777774,2736,30.861111111110954,53.50000000000048
0,485,104.24999999999997,2736,27.138888888888822,56.250000000000554
0,486,108.41666666666664,2736,40.55555555555564,49.22222222222255
0,487,115.05555555555549,2736,27.222222222222126,66.50000000000063
0,488,112.55555555555551,2736,38.38888888888894,44.00000000000022
0,489,105.0555555555555,2736,32.58333333333318,52.80555555555602
0,490,105.58333333333329,2736,25.944444444444365,63.500000000000746
0,491,99.61111111111107,2736,38.166666666666714,55.58333333333385
0,492,104.11111111111109,2736,41.58333333333347,44.027777777777956
0,493,115.30555555555549,2736,43.916666666666856,52.11111111111152
0,494,100.80555555555551,2736,44.55555555555576,46.888888888889184
0,495,120.55555555555551,2736,41.05555555555567,50.16666666666704
0,496,114.47222222222221,2736,38.944444444444485,46.972222222222484
0,497,109.61111111111104,2736,43.750000000000185,52.194444444444855
0,498,117.13888888888884,2736,43.7222222222224,50.916666666667034
0,499,108.13888888888881,2736,34.111111111111015,53.55555555555605
0,500,118.4444444444444,2736,42.25000000000012,52.833333333333776
0,501,110.19444444444439,2736,41.44444444444456,46.30555555555582
0,502,114.16666666666661,2754,38.333333333333364,51.47222222222261
0,503,113.08333333333327,2754,35.249999999999936,55.94444444444497
0,504,114.49999999999994,2778,40.44444444444453,53.58333333333381
0,505,92.33333333333327,2778,42.52777777777791,47.861111111111406
0,506,106.30555555555551,2778,34.166666666666586,58.0000000000006
0,507,115.8333333333333,2832,40.19444444444454,49.1388888888892
0,508,107.88888888888881,2838,41.44444444444456,46.22222222222249
0,509,113.74999999999997,2844,38.69444444444448,50.472222222222584
0,510,112.97222222222221,2844,30.638888888888747,60.72222222222288
0,511,111.69444444444446,2844,34.97222222222216,55.58333333333388
0,512,114.77777777777773,2844,29.111111111111,62.13888888888958
0,513,104.02777777777776,2844,38.500000000000036,46.61111111111138
0,514,123.38888888888886,2844,33.66666666666654,55.083333333333826
0,515,120.27777777777771,2850,25.111111111111043,69.13888888888935
0,516,114.36111111111103,2850,36.277777777777736,59.05555555555616
0,517,108.5277777777777,2850,40.722222222222314,40.69444444444453
0,518,110.86111111111104,2868,44.638888888889106,41.94444444444458
0,519,113.16666666666663,2868,40.805555555555664,53.47222222222268
0,520,109.19444444444444,2874,34.361111111111015,56.97222222222276
0,521,109.66666666666664,2874,34.61111111111103,50.750000000000384
0,522,105.16666666666666,2874,32.33333333333319,51.7500000000004
0,523,116.27777777777771,2880,41.722222222222356,47.88888888888918
0,524,111.02777777777773,2880,36.36111111111108,56.694444444444976
0,525,113.44444444444441,2880,36.777777777777764,49.13888888888922
0,526,110.27777777777771,2880,32.3055555555554,60.4722222222229
0,527,106.33333333333321,2880,41.77777777777789,46.472222222222506
0,528,123.61111111111106,2880,39.36111111111117,53.111111111111555
0,529,104.11111111111107,2880,40.527777777777864,42.86111111111126
0,530,104.11111111111104,2886,27.416666666666572,65.6944444444451
0,531,100.24999999999999,2886,41.19444444444455,47.36111111111141
0,532,111.22222222222216,2886,37.83333333333336,47.25000000000026
0,533,118.30555555555556,2886,35.80555555555551,54.52777777777825
0,534,107.99999999999997,2892,33.611111111111015,57.27777777777835
0,535,116.13888888888881,2892,25.805555555555465,68.0555555555561
0,536,117.05555555555551,2892,30.083333333333204,58.94444444444508
0,537,107.44444444444439,2892,34.69444444444438,51.08333333333372
0,538,97.52777777777773,2898,36.63888888888887,54.027777777778255
0,539,111.99999999999999,2898,35.02777777777771,57.86111111111173
0,540,118.38888888888884,2898,41.444444444444564,50.88888888888925
0,541,114.22222222222214,2934,34.08333333333323,58.83333333333394
0,542,109.52777777777773,2934,33.027777777777644,51.22222222222267
0,543,108.88888888888886,2940,34.222222222222136,46.16666666666694
0,544,102.55555555555551,2946,34.47222222222213,52.22222222222266
0,545,117.94444444444443,2946,38.083333333333336,51.16666666666705
0,546,110.41666666666663,2946,39.472222222222264,55.583333333333854
0,547,112.55555555555551,2958,40.388888888888985,46.527777777778034
0,548,107.66666666666666,2976,41.805555555555685,53.86111111111157
0,549,118.86111111111106,2976,28.499999999999897,64.58333333333407
0,550,96.8333333333333,2982,40.11111111111119,46.77777777777806
0,551,114.16666666666661,2982,37.7777777777778,54.000000000000455
0,552,113.58333333333324,2982,28.833333333333222,61.02777777777845
0,553,109.05555555555553,2982,40.30555555555563,49.97222222222256
0,554,110.63888888888883,2982,41.97222222222235,51.694444444444834
0,555,102.38888888888887,2982,40.00000000000007,50.08333333333369
0,556,110.47222222222217,2982,45.9166666666669,53.02777777777821
0,557,112.83333333333331,2982,51.66666666666705,46.55555555555586
0,558,105.4722222222222,2982,48.25000000000029,46.444444444444706
0,559,105.49999999999996,2982,43.750000000000185,45.86111111111134
0,560,91.08333333333333,2982,44.52777777777797,50.63888888888925
0,561,119.6666666666666,2982,45.25000000000021,50.805555555555934
0,562,108.27777777777776,3048,32.49999999999986,54.66666666666715
0,563,112.33333333333329,3066,43.50000000000017,46.41666666666694
0,564,107.77777777777773,3066,43.083333333333506,44.55555555555575
0,565,114.61111111111103,3066,39.80555555555562,53.750000000000455
0,566,105.08333333333327,3066,47.6111111111114,42.75000000000015
0,567,105.44444444444439,3066,37.58333333333336,51.33333333333375
0,568,111.27777777777773,3066,38.88888888888892,55.66666666666717
0,569,110.94444444444439,3066,42.52777777777792,50.027777777778134
0,570,116.4722222222222,3066,42.36111111111125,43.36111111111128
0,571,109.61111111111103,3066,41.027777777777885,56.916666666667226
0,572,113.49999999999999,3066,44.055555555555735,45.16666666666688
0,573,99.3611111111111,3066,33.83333333333322,60.25000000000063
0,574,102.11111111111109,3066,45.25000000000022,46.61111111111141
0,575,122.69444444444444,3066,42.972222222222385,55.88888888888941
0,576,112.2777777777777,3066,40.08333333333339,51.97222222222263
0,577,113.38888888888884,3066,48.97222222222254,49.44444444444478
0,578,112.38888888888886,3066,39.86111111111121,52.11111111111153
0,579,124.0833333333333,3066,39.00000000000004,52.63888888888932
0,580,120.69444444444434,3066,37.66666666666668,56.05555555555607
0,581,117.74999999999997,3066,36.305555555555536,50.63888888888926
0,582,117.16666666666663,3066,35.30555555555548,57.55555555555612
0,583,118.19444444444439,3066,46.58333333333359,49.00000000000032
0,584,94.97222222222217,3066,38.91666666666672,51.00000000000037
0,585,117.16666666666664,3066,45.94444444444469,44.11111111111137
0,586,108.52777777777776,3066,36.08333333333328,54.527777777778276
0,587,111.13888888888883,3066,35.19444444444437,63.69444444444518
0,588,117.22222222222216,3066,35.66666666666662,60.91666666666736
0,589,110.5277777777777,3066,45.027777777778,46.94444444444474
0,590,106.83333333333334,3066,37.944444444444464,55.86111111111163
0,591,113.25,3066,42.777777777777935,47.61111111111139
0,592,108.61111111111111,3066,43.25000000000016,45.722222222222456
0,593,112.27777777777776,3066,49.4444444444448,43.69444444444462
0,594,108.30555555555551,3066,43.13888888888905,49.055555555555905
0,595,122.27777777777777,3066,41.94444444444459,48.69444444444479
0,596,108.11111111111111,3066,40.1111111111112,53.30555555555601
0,597,109.16666666666664,3066,41.138888888889,52.91666666666711
0,598,123.99999999999997,3066,41.97222222222234,52.972222222222655
0,599,110.91666666666663,3066,36.944444444444436,57.19444444444501
0,600,121.08333333333333,3066,39.11111111111115,57.08333333333388
0,601,117.80555555555549,3066,51.000000000000384,40.583333333333414
0,602,115.3888888888888,3066,44.02777777777796,54.44444444444495
0,603,112.4444444444444,3102,42.55555555555572,48.69444444444474
0,604,111.33333333333329,3102,38.19444444444448,51.250000000000384
0,605,114.22222222222211,3102,33.6388888888888,61.52777777777846
0,606,119.47222222222216,3102,37.22222222222222,57.055555555556104
0,607,106.97222222222216,3114,30.38888888888875,64.11111111111185
0,608,107.41666666666659,3114,41.41666666666677,51.88888888888931
0,609,117.6666666666666,3114,49.22222222222256,45.16666666666691
0,610,114.05555555555549,3114,42.97222222222239,50.44444444444484
0,611,100.88888888888886,3114,44.66666666666688,49.27777777777811
0,612,124.61111111111103,3114,33.02777777777764,61.2222222222229
0,613,129.47222222222217,3210,43.277777777777935,52.4166666666671
0,614,102.61111111111107,3216,42.50000000000014,53.80555555555601
0,615,115.55555555555553,3216,44.13888888888906,56.222222222222754
0,616,113.52777777777773,3222,36.333333333333314,61.52777777777846
0,617,114.83333333333326,3222,36.8611111111111,57.72222222222281
0,618,118.33333333333324,3300,40.2222222222223,50.33333333333369
0,619,116.33333333333331,3306,38.416666666666686,54.22222222222268
0,620,113.72222222222216,3306,37.77777777777778,59.75000000000063
0,621,112.8055555555555,3306,33.499999999999865,63.083333333334046
0,622,108.30555555555554,3306,42.38888888888903,52.77777777777821
0,623,110.86111111111107,3306,43.833333333333506,50.13888888888925
0,624,117.6388888888888,3306,42.05555555555567,53.00000000000043
0,625,111.0555555555555,3306,46.47222222222248,49.00000000000034
0,626,97.99999999999994,3306,44.61111111111129,49.38888888888923
0,627,122.47222222222219,3306,39.6944444444445,51.97222222222264
0,628,113.63888888888889,3306,45.11111111111131,50.722222222222605
0,629,104.63888888888886,3306,41.527777777777885,57.88888888888946
0,630,110.11111111111109,3306,40.11111111111117,55.027777777778326
0,631,112.91666666666666,3306,36.22222222222219,49.8055555555559
0,632,107.91666666666664,3306,45.22222222222243,45.47222222222244
0,633,114.22222222222219,3306,37.55555555555554,56.66666666666721
0,634,112.16666666666663,3306,34.555555555555465,50.91666666666705
0,635,123.99999999999993,3306,48.805555555555856,43.72222222222241
0,636,108.58333333333329,3306,40.944444444444535,59.777777777778404
0,637,112.61111111111111,3306,34.02777777777767,56.527777777778304
0,638,111.74999999999993,3306,32.99999999999988,57.7222222222228
0,639,117.4722222222222,3306,36.277777777777736,61.33333333333402
0,640,115.75000000000001,3306,51.805555555555955,38.77777777777782
0,641,105.55555555555553,3306,46.97222222222247,49.666666666667005
0,642,108.83333333333326,3306,41.305555555555664,45.72222222222245
0,643,105.24999999999999,3306,43.638888888889056,48.61111111111143
0,644,104.86111111111107,3306,41.75000000000013,48.333333333333634
0,645,125.66666666666664,3306,40.58333333333341,54.00000000000046
0,646,96.08333333333331,3306,47.3611111111114,44.38888888888908
0,647,102.38888888888883,3306,39.944444444444514,52.55555555555599
0,648,111.94444444444439,3306,40.500000000000085,46.80555555555585
0,649,113.36111111111109,3306,40.388888888888964,52.9166666666671
0,650,114.97222222222219,3306,39.27777777777783,57.27777777777832
0,651,108.4444444444444,3306,48.472222222222534,46.44444444444469
0,652,115.41666666666661,3306,37.833333333333336,53.41666666666711
0,653,110.66666666666663,3306,46.472222222222456,50.277777777778134
0,654,110.86111111111107,3306,38.833333333333364,56.88888888888944
0,655,114.63888888888886,3306,38.13888888888889,64.02777777777851
0,656,116.2222222222222,3306,46.52777777777802,52.91666666666709
0,657,118.0833333333333,3306,40.250000000000064,54.52777777777826
0,658,113.05555555555549,3306,51.694444444444834,41.50000000000015
0,659,117.6944444444443,3306,39.1666666666667,56.8055555555561
0,660,108.97222222222214,3306,37.41666666666666,59.944444444445075
0,661,97.63888888888887,3324,31.499999999999847,74.6111111111113
0,662,98.11111111111116,3384,36.24999999999996,70.47222222222263
0,663,100.88888888888887,3384,28.8333333333332,74.36111111111131
0,664,107.74999999999999,3384,31.305555555555404,73.97222222222244
0,665,107.97222222222217,3384,33.3333333333332,65.25000000000068
0,666,113.02777777777771,3384,36.11111111111106,67.61111111111167
0,667,105.05555555555553,3384,35.19444444444437,72.5000000000003
0,668,113.58333333333324,3384,39.000000000000036,65.583333333334
0,669,117.11111111111104,3384,42.94444444444458,63.44444444444518
0,670,117.86111111111103,3384,35.833333333333286,68.58333333333384
0,671,110.38888888888886,3384,41.91666666666679,62.72222222222294
0,672,108.58333333333329,3384,39.5555555555556,67.94444444444498
0,673,124.99999999999989,3384,30.527777777777636,73.16666666666693
0,674,116.41666666666663,3384,32.222222222222065,78.77777777777774
0,675,100.4444444444444,3384,31.666666666666494,73.5555555555558
0,676,118.9166666666666,3384,29.722222222222086,81.0555555555554
0,677,119.41666666666663,3384,31.22222222222206,77.47222222222226
0,678,109.61111111111109,3384,37.61111111111109,72.75000000000028
0,679,116.08333333333329,3384,41.41666666666676,66.0555555555562
0,680,103.3611111111111,3384,28.388888888888776,76.80555555555563
0,681,108.05555555555549,3384,37.66666666666667,67.77777777777833
0,682,113.22222222222213,3384,42.08333333333346,63.944444444445196
0,683,120.77777777777771,3384,38.16666666666667,69.08333333333381
0,684,115.33333333333327,3384,44.305555555555756,59.305555555556175
0,685,121.55555555555549,3384,37.666666666666664,64.19444444444518
0,686,115.91666666666664,3384,40.527777777777864,66.30555555555618
0,687,107.30555555555553,3384,34.111111111111,76.91666666666673
0,688,107.27777777777771,3384,39.861111111111164,70.22222222222264
0,689,114.4444444444444,3384,34.80555555555547,72.25000000000031
0,690,115.86111111111101,3384,29.999999999999858,72.83333333333361
0,691,115.611111111111,3384,39.4166666666667,67.86111111111165
0,692,116.63888888888883,3384,35.94444444444439,71.11111111111148
0,693,119.47222222222219,3384,40.25000000000006,68.58333333333384
0,694,124.63888888888883,3384,37.94444444444445,67.77777777777833
0,695,120.55555555555553,3384,34.416666666666565,70.36111111111153
0,696,111.80555555555549,3384,35.74999999999994,66.72222222222283
0,697,103.24999999999994,3384,35.74999999999995,75.44444444444458
0,698,113.63888888888883,3876,37.08333333333332,70.22222222222264
0,699,116.22222222222219,3876,40.80555555555564,65.25000000000068
0,700,117.97222222222217,3876,41.944444444444564,62.000000000000696
0,701,108.08333333333331,3876,34.19444444444434,69.72222222222267
0,702,112.27777777777773,3876,35.333333333333265,68.91666666666715
0,703,113.49999999999993,3894,31.19444444444429,72.33333333333364
0,704,115.1944444444444,3900,34.027777777777665,75.02777777777794
0,705,131.2222222222222,3906,37.861111111111114,63.777777777778525
0,706,127.38888888888886,3906,27.19444444444434,83.49999999999972
0,707,119.66666666666666,4140,35.52777777777773,70.13888888888931
0,708,118.38888888888883,4626,38.22222222222222,64.02777777777852
0,709,112.61111111111107,4734,40.13888888888896,68.41666666666718
0,710,124.99999999999993,4734,37.36111111111111,69.25000000000047
0,711,116.77777777777774,4734,38.22222222222223,65.08333333333402
0,712,130.61111111111111,4734,37.138888888888864,68.2777777777783
0,713,131.361111111111,4734,43.75000000000017,59.94444444444508
0,714,119.49999999999997,4734,37.49999999999999,67.694444444445
0,715,114.44444444444441,4740,42.02777777777789,66.47222222222284
0,716,122.41666666666664,4740,31.527777777777622,76.2500000000001
0,717,128.6944444444444,4740,39.05555555555559,65.16666666666735
0,718,123.94444444444443,4740,36.69444444444442,69.77777777777823
0,719,117.38888888888883,4740,38.77777777777781,65.08333333333402
0,720,120.0277777777777,4740,31.11111111111096,72.75000000000028
0,721,114.55555555555556,4740,34.16666666666655,72.16666666666698
0,722,120.41666666666663,4740,31.3055555555554,71.4444444444448
0,723,118.49999999999996,4764,35.61111111111105,70.13888888888931
0,724,112.30555555555551,4764,28.99999999999988,74.77777777777796
0,725,130.47222222222211,4764,32.1666666666665,75.91666666666679
0,726,123.97222222222216,4764,39.055555555555586,64.58333333333405
0,727,127.94444444444446,4782,32.58333333333318,78.3611111111111
0,728,119.11111111111106,4890,37.861111111111114,62.08333333333403
0,729,121.99999999999993,4890,36.805555555555536,69.50000000000045
0,730,117.30555555555553,4890,41.027777777777864,65.97222222222287
0,731,128.22222222222217,4890,34.86111111111103,72.11111111111143
0,732,112.61111111111101,4890,35.99999999999996,71.36111111111147
0,733,118.08333333333333,4890,39.6944444444445,70.13888888888931
0,734,121.27777777777771,5130,43.80555555555573,65.33333333333401
0,735,120.30555555555547,5130,41.22222222222231,62.88888888888961
0,736,113.91666666666657,5130,41.000000000000085,60.277777777778425
0,737,116.86111111111107,5136,44.388888888889085,62.08333333333403
0,738,109.05555555555556,5136,39.27777777777782,67.86111111111165
0,739,109.69444444444441,5136,37.72222222222223,71.02777777777816
0,740,127.63888888888886,5154,34.13888888888878,64.91666666666737
0,741,126.38888888888883,5160,41.194444444444535,69.00000000000048
0,742,115.8333333333333,5166,34.99999999999991,67.86111111111165
0,743,125.02777777777773,5166,41.86111111111123,69.16666666666714
0,744,121.88888888888883,5166,35.99999999999995,66.55555555555617
0,745,117.8611111111111,5184,35.333333333333265,73.97222222222244
0,746,122.08333333333324,5184,39.52777777777782,63.194444444445175
0,747,130.97222222222214,5184,34.22222222222212,68.7500000000005
0,748,116.0277777777778,5184,33.972222222222115,71.36111111111147
0,749,117.8333333333333,5184,37.1111111111111,66.55555555555617
0,750,125.44444444444444,5184,34.08333333333323,72.41666666666697
0,751,120.44444444444436,5184,32.63888888888876,70.72222222222261
0,752,118.74999999999991,5184,37.11111111111109,70.22222222222264
0,753,121.5833333333333,5256,31.69444444444428,73.80555555555578
0,754,120.4722222222222,5262,35.61111111111105,72.00000000000033
0,755,130.77777777777771,5262,41.86111111111122,61.66666666666735
0,756,115.74999999999996,5268,31.416666666666526,72.83333333333361
0,757,128.27777777777774,5268,32.1666666666665,68.33333333333385
0,758,122.77777777777776,5268,40.19444444444451,69.00000000000048
0,759,115.36111111111106,5268,39.194444444444485,64.27777777777851
0,760,108.7777777777777,5268,34.66666666666658,69.3333333333338
0,761,110.9722222222222,5268,35.61111111111105,72.5000000000003
0,762,121.49999999999994,5700,29.444444444444308,74.30555555555576
0,763,125.77777777777766,5718,34.83333333333325,73.88888888888911
0,764,117.49999999999997,5718,32.88888888888875,76.41666666666676
0,765,124.61111111111107,5718,35.52777777777771,68.7500000000005
0,766,116.0277777777777,5718,41.000000000000085,64.25000000000074
0,767,126.97222222222217,5718,35.63888888888882,72.66666666666696
0,768,121.77777777777771,5724,30.861111111110965,73.5555555555558
0,769,111.52777777777773,5730,39.52777777777783,66.22222222222285
0,770,115.22222222222221,5730,35.63888888888882,72.25000000000031
0,771,115.30555555555547,5730,45.97222222222246,60.277777777778425
0,772,122.02777777777774,5760,32.86111111111098,74.86111111111128
0,773,120.11111111111109,5760,29.69444444444432,70.47222222222263
0,774,128.44444444444437,6306,31.66666666666651,74.05555555555577
0,775,126.16666666666663,6564,32.36111111111096,71.69444444444478
0,776,124.9166666666666,6564,35.88888888888882,68.11111111111164
0,777,107.30555555555549,6576,34.77777777777769,71.05555555555593
0,778,115.16666666666661,6576,41.47222222222234,67.694444444445
0,779,124.77777777777774,6624,36.38888888888886,70.13888888888931
0,780,122.4722222222222,6630,33.7499999999999,71.4444444444448
0,781,116.47222222222214,6630,31.361111111110954,75.91666666666679
0,782,114.88888888888883,6630,42.388888888889014,66.55555555555617
0,783,121.83333333333331,6630,30.722222222222076,73.38888888888914
0,784,127.13888888888893,6642,32.777777777777644,72.0277777777781
0,785,127.91666666666661,6648,40.25000000000008,66.80555555555615
0,786,115.52777777777774,6648,25.472222222222147,76.08333333333344
0,787,115.38888888888884,6654,36.13888888888884,66.30555555555618
0,788,125.27777777777774,6654,46.25000000000022,62.000000000000696
0,789,123.61111111111109,6654,35.13888888888881,67.36111111111168
0,790,135.47222222222223,6654,36.22222222222217,65.50000000000067
0,791,122.27777777777771,6654,33.2222222222221,65.25000000000068
0,792,121.36111111111106,6654,40.777777777777864,61.58333333333402
0,793,125.38888888888881,6654,39.388888888888935,66.88888888888948
0,794,131.1944444444444,6654,31.47222222222207,73.50000000000024
0,795,110.22222222222217,6666,38.08333333333335,67.77777777777833
0,796,122.5833333333333,6672,40.61111111111119,59.55555555555618
0,797,136.66666666666663,6672,43.80555555555572,59.58333333333393
0,798,115.86111111111104,6714,31.944444444444287,67.58333333333385
0,799,118.74999999999999,6714,43.138888888889035,61.083333333333975
0,800,115.16666666666661,6714,38.5277777777778,69.00000000000044
0,801,115.16666666666664,6714,36.08333333333327,67.83333333333384
0,802,126.61111111111106,6738,29.861111111110965,76.08333333333337
0,803,127.47222222222211,6762,32.16666666666651,63.583333333334046
0,804,124.86111111111107,6768,38.972222222222264,66.75000000000057
0,805,123.77777777777774,6768,39.88888888888894,61.25000000000065
0,806,115.66666666666664,6780,29.63888888888876,71.58333333333363
0,807,119.27777777777774,6786,40.13888888888895,65.58333333333397
0,808,117.2777777777777,6804,37.333333333333314,68.25000000000048
0,809,129.77777777777774,6810,37.69444444444445,61.833333333334
0,810,133.2222222222222,6810,35.694444444444386,64.08333333333405
0,811,119.08333333333331,6810,31.333333333333172,70.25000000000037
0,812,124.66666666666664,6810,33.749999999999886,71.5000000000003
0,813,117.16666666666664,6816,47.27777777777805,58.08333333333389
0,814,131.61111111111106,6816,43.52777777777794,63.66666666666738
0,815,129.22222222222217,6822,39.36111111111115,64.91666666666734
0,816,110.80555555555549,6834,31.694444444444276,66.33333333333393
0,817,125.2222222222222,6834,41.08333333333343,62.50000000000068
0,818,119.47222222222219,6834,33.499999999999886,64.5000000000007
0,819,115.02777777777773,6864,34.52777777777768,69.25000000000043
0,820,108.80555555555553,6882,27.91666666666656,73.08333333333354
0,821,114.80555555555547,6882,34.249999999999886,71.5000000000003
0,822,122.33333333333327,6882,32.33333333333317,69.08333333333377
0,823,116.6944444444444,6882,34.49999999999991,66.66666666666724
0,824,123.41666666666661,6882,33.41666666666655,72.6666666666669
0,825,107.36111111111106,6882,43.9722222222224,60.00000000000061
0,826,120.91666666666671,6882,39.13888888888893,62.33333333333401
0,827,119.33333333333329,6882,32.833333333333194,75.25000000000009
0,828,122.69444444444441,6882,38.05555555555558,67.08333333333388
0,829,116.91666666666661,6882,32.99999999999987,67.83333333333384
0,830,122.27777777777769,6912,36.47222222222218,69.50000000000041
0,831,133.83333333333323,6930,35.91666666666661,64.16666666666738
0,832,121.72222222222216,6942,44.52777777777798,59.00000000000058
0,833,122.66666666666659,6942,29.027777777777654,74.75000000000011
0,834,131.44444444444437,6942,44.08333333333351,56.08333333333383
0,835,129.80555555555543,6942,39.50000000000006,60.916666666667304
0,836,114.24999999999997,6942,44.77777777777798,58.25000000000056
0,837,117.88888888888883,6942,35.61111111111105,66.33333333333393
0,838,121.2499999999999,6942,33.36111111111098,71.83333333333361
0,839,114.05555555555553,6942,44.500000000000185,58.91666666666725
0,840,126.88888888888881,6966,38.944444444444485,60.83333333333397
0,841,123.58333333333326,6966,38.25000000000001,64.91666666666734
0,842,128.33333333333331,6990,35.86111111111106,62.16666666666734
0,843,119.94444444444441,6990,41.66666666666678,62.083333333334004
0,844,118.22222222222211,6990,28.77777777777765,74.83333333333344
0,845,121.36111111111109,6990,33.52777777777767,73.75000000000017
0,846,115.99999999999997,6990,33.916666666666565,67.00000000000055
0,847,110.38888888888884,6990,39.25000000000004,67.08333333333388
0,848,123.77777777777774,6990,34.38888888888879,67.91666666666717
0,849,121.44444444444443,6990,27.36111111111101,77.16666666666664
0,850,121.74999999999996,6990,25.8888888888888,76.83333333333333
0,851,116.58333333333331,6990,31.333333333333176,73.08333333333354
0,852,124.44444444444439,6990,38.1388888888889,61.91666666666733
0,853,122.99999999999997,6990,36.16666666666662,65.83333333333395
0,854,128.47222222222217,6990,35.8055555555555,70.16666666666704
0,855,127.80555555555553,6990,31.833333333333158,69.00000000000044
0,856,136.08333333333331,6990,34.91666666666657,69.33333333333375
0,857,129.80555555555551,6990,39.50000000000004,62.833333333334025
0,858,127.25000000000003,6990,34.19444444444435,63.66666666666738
0,859,131.38888888888883,6990,37.66666666666666,64.33333333333404
0,860,131.3333333333332,6990,40.08333333333339,59.916666666667275
0,861,125.49999999999994,6990,39.8333333333334,67.91666666666717
0,862,116.30555555555553,6990,35.77777777777772,71.58333333333363
0,863,120.24999999999999,6990,37.44444444444443,62.083333333334004
0,864,122.8333333333333,6990,32.58333333333318,75.16666666666676
0,865,111.41666666666664,6990,35.694444444444386,66.91666666666723
0,866,115.22222222222214,6990,39.55555555555559,63.000000000000696
0,867,124.83333333333327,6990,38.11111111111112,63.16666666666737
0,868,119.4444444444444,6990,39.55555555555561,65.91666666666728
0,869,123.47222222222217,6990,27.722222222222115,72.75000000000023
0,870,126.49999999999993,6990,34.999999999999915,67.00000000000055
0,871,125.27777777777771,6990,30.999999999999844,69.25000000000043
0,872,122.08333333333326,6990,41.63888888888901,56.58333333333385
0,873,133.47222222222214,6990,35.83333333333328,67.25000000000054
0,874,135.97222222222217,6990,31.305555555555387,71.16666666666698
0,875,128.27777777777771,6990,39.4166666666667,62.416666666667346
0,876,117.44444444444443,6990,29.749999999999865,76.1666666666667
0,877,124.05555555555553,6990,36.027777777777715,69.25000000000043
0,878,125.55555555555551,6990,38.41666666666668,64.66666666666735
0,879,130.3888888888888,6990,34.611111111111015,65.83333333333395
0,880,117.49999999999997,6990,42.44444444444458,62.833333333334025
0,881,128.52777777777766,6990,40.58333333333342,61.00000000000064
0,882,118.88888888888881,6990,28.555555555555436,76.08333333333337
0,883,133.63888888888886,6990,38.36111111111112,67.66666666666718
0,884,116.16666666666661,6990,31.694444444444276,76.58333333333334
0,885,121.33333333333327,6990,31.6666666666665,72.83333333333356
0,886,122.0277777777777,6990,39.722222222222285,65.50000000000064
0,887,124.24999999999997,6990,38.833333333333364,61.33333333333398
0,888,133.88888888888883,6990,37.58333333333333,60.41666666666729
0,889,133.83333333333326,6990,34.83333333333325,61.25000000000065
0,890,122.11111111111104,6990,39.33333333333337,63.33333333333404
0,891,136.8333333333333,6990,36.41666666666663,64.5000000000007
0,892,123.16666666666667,6990,32.80555555555542,71.00000000000033
0,893,118.80555555555551,6990,41.361111111111214,61.16666666666731
0,894,127.2777777777777,6990,51.13888888888926,52.08333333333372
0,895,124.77777777777771,7038,34.694444444444365,72.00000000000027
0,896,139.91666666666654,7038,36.47222222222218,70.08333333333371
0,897,118.02777777777771,7044,42.33333333333347,57.83333333333388
0,898,131.1111111111111,7044,33.888888888888786,71.5000000000003
0,899,109.86111111111104,7044,26.41666666666658,79.58333333333317
0,900,124.05555555555549,7044,35.77777777777772,60.916666666667304
0,901,122.4722222222222,7044,37.94444444444444,62.75000000000069
0,902,127.52777777777771,7044,40.27777777777786,62.416666666667346
0,903,136.05555555555546,7044,33.861111111111,73.00000000000021
0,904,126.33333333333323,7044,36.91666666666664,65.25000000000065
0,905,130.66666666666663,7044,31.38888888888873,72.83333333333356
0,906,122.61111111111107,7044,35.27777777777769,69.25000000000043
0,907,126.88888888888881,7068,38.27777777777779,65.91666666666728
0,908,124.91666666666661,7068,38.36111111111113,68.41666666666714
0,909,120.36111111111103,7068,35.74999999999994,60.08333333333395
0,910,122.3333333333333,7176,35.44444444444438,69.91666666666706
0,911,125.99999999999996,7182,38.055555555555564,59.83333333333394
0,912,130.58333333333323,7182,38.36111111111112,63.583333333334046
0,913,129.88888888888889,7200,29.611111111110965,70.83333333333367
0,914,123.86111111111104,7236,34.88888888888881,70.41666666666703
0,915,123.13888888888883,7236,46.50000000000025,58.66666666666724
0,916,135.69444444444437,7254,40.97222222222231,58.3333333333339
0,917,120.69444444444441,7254,34.66666666666659,66.58333333333391
0,918,127.6388888888888,7254,34.72222222222214,68.16666666666715
0,919,120.33333333333321,7254,31.49999999999985,70.58333333333368
0,920,127.83333333333327,7254,35.30555555555548,65.00000000000067
0,921,126.91666666666656,7254,29.02777777777765,75.08333333333343
0,922,126.36111111111107,7254,36.02777777777773,72.6666666666669
0,923,131.47222222222214,7254,34.83333333333326,63.75000000000072
0,924,130.4444444444444,7254,39.83333333333339,65.83333333333395
0,925,114.38888888888884,7254,39.55555555555559,66.00000000000061
0,926,131.49999999999997,7254,39.027777777777814,63.83333333333405
0,927,115.58333333333329,7254,24.722222222222147,78.58333333333323
0,928,130.22222222222223,7254,30.08333333333319,72.6666666666669
0,929,128.80555555555551,7254,34.11111111111101,70.16666666666704
0,930,117.22222222222216,7254,35.111111111111036,72.16666666666693
0,931,112.80555555555551,7254,34.972222222222136,64.5000000000007
0,932,132.2777777777777,7254,25.8888888888888,72.83333333333356
0,933,112.55555555555549,7254,39.5555555555556,64.58333333333402
0,934,116.36111111111106,7254,30.611111111110958,71.91666666666694
0,935,127.66666666666661,7254,39.416666666666714,68.08333333333383
0,936,119.86111111111104,7254,30.305555555555408,72.6666666666669
0,937,126.52777777777767,7254,41.388888888888985,63.000000000000696
0,938,121.38888888888881,7254,45.86111111111135,55.083333333333805
0,939,115.16666666666663,7254,38.5277777777778,60.58333333333396
0,940,113.47222222222214,7254,33.777777777777644,71.91666666666694
0,941,118.22222222222221,7284,37.41666666666665,64.5000000000007
0,942,123.97222222222216,7326,43.472222222222385,53.58333333333376
0,943,135.80555555555546,7350,40.527777777777864,63.416666666667375
0,944,116.6666666666666,7350,39.50000000000004,62.416666666667346
0,945,127.8055555555555,7350,30.777777777777636,74.91666666666677
0,946,110.30555555555547,7350,59.5000000000006,57.1666666666672
0,947,124.91666666666661,7350,52.5000000000004,64.16666666666738
0,948,126.72222222222217,7356,53.6666666666671,63.000000000000696
0,949,126.86111111111106,7356,56.0000000000005,60.6666666666673
0,950,127.83333333333326,7368,59.5000000000006,57.1666666666672
0,951,128.55555555555551,7368,58.3333333333339,58.3333333333339
0,952,115.94444444444443,7368,53.6666666666671,63.000000000000696
0,953,132.74999999999991,7368,57.1666666666672,59.5000000000006
0,954,120.11111111111104,7368,52.5000000000004,64.16666666666738
0,955,116.11111111111101,7368,61.833333333334,54.8333333333338
0,956,126.30555555555551,7368,56.0000000000005,60.6666666666673
0,957,114.94444444444443,7368,50.166666666667,66.50000000000058
0,958,123.58333333333324,7368,51.3333333333337,65.33333333333398
0,959,129.72222222222217,7392,57.1666666666672,59.5000000000006
0,960,109.83333333333326,7410,60.6666666666673,56.0000000000005
0,961,119.94444444444437,7410,68.83333333333378,47.8333333333336
0,962,120.74999999999999,7410,64.16666666666738,52.5000000000004
0,963,121.3333333333333,7410,59.5000000000006,57.1666666666672
0,964,113.13888888888884,7410,68.83333333333378,47.8333333333336
0,965,135.83333333333326,7410,53.6666666666671,63.000000000000696
0,966,135.0833333333333,7410,58.3333333333339,58.3333333333339
0,967,127.52777777777774,7410,60.6666666666673,56.0000000000005
0,968,123.13888888888886,7410,57.1666666666672,59.5000000000006
0,969,115.6388888888888,7410,58.3333333333339,58.3333333333339
0,970,118.38888888888883,7410,56.0000000000005,60.6666666666673
0,971,122.91666666666659,7410,60.6666666666673,56.0000000000005
0,972,123.47222222222217,7410,54.8333333333338,61.833333333334
0,973,122.19444444444439,7410,51.3333333333337,65.33333333333398
0,974,113.47222222222217,7410,63.000000000000696,53.6666666666671
0,975,126.61111111111101,7410,58.3333333333339,58.3333333333339
0,976,124.36111111111101,7410,67.66666666666718,49.0000000000003
0,977,122.41666666666663,7410,52.5000000000004,64.16666666666738
0,978,130.55555555555551,7410,51.3333333333337,65.33333333333398
0,979,134.69444444444434,7410,53.6666666666671,63.000000000000696
0,980,125.3888888888888,7410,52.5000000000004,64.16666666666738
0,981,126.80555555555549,7410,53.6666666666671,63.000000000000696
0,982,128.63888888888877,7410,51.3333333333337,65.33333333333398
0,983,115.13888888888886,7410,56.0000000000005,60.6666666666673
0,984,121.19444444444431,7410,53.6666666666671,63.000000000000696
0,985,110.9444444444444,7410,46.6666666666669,70.00000000000038
0,986,123.83333333333329,7410,60.6666666666673,56.0000000000005
0,987,118.58333333333327,7410,53.6666666666671,63.000000000000696
0,988,122.49999999999996,7410,71.16666666666698,45.5000000000002
0,989,126.19444444444439,7410,66.50000000000058,50.166666666667
0,990,123.88888888888883,7410,50.166666666667,66.50000000000058
0,991,118.94444444444441,7410,54.8333333333338,61.833333333334
0,992,125.61111111111106,7410,59.5000000000006,57.1666666666672
0,993,116.88888888888881,7524,60.6666666666673,56.0000000000005
0,994,126.13888888888883,7524,53.6666666666671,63.000000000000696
0,995,128.74999999999991,7524,58.3333333333339,58.3333333333339
0,996,118.19444444444436,7524,57.1666666666672,59.5000000000006
0,997,121.08333333333327,7524,52.5000000000004,64.16666666666738
0,998,129.19444444444437,7650,54.8333333333338,61.833333333334
0,999,119.77777777777774,7650,65.33333333333398,51.3333333333337
0,1000,122.47222222222214,7650,56.0000000000005,60.6666666666673
1,1,43.888888888888886,0,7.277777777777764,16.4722222222222
1,2,35.08333333333334,0,6.027777777777768,14.916666666666645
1,3,40.77777777777778,0,8.333333333333318,12.777777777777759
1,4,36.91666666666668,0,10.249999999999984,11.194444444444427
1,5,30.444444444444436,0,9.111111111111093,16.2222222222222
1,6,33.91666666666668,0,10.166666666666645,14.888888888888864
1,7,35.75,0,7.94444444444443,18.833333333333336
1,8,38.41666666666667,0,9.138888888888873,16.416666666666647
1,9,34.6388888888889,0,6.749999999999989,16.16666666666664
1,10,42.80555555555555,0,13.666666666666643,12.833333333333316
1,11,33.6388888888889,0,8.27777777777776,16.749999999999982
1,12,36.75000000000001,0,9.055555555555541,14.833333333333313
1,13,30.75,0,5.6111111111111045,22.91666666666669
1,14,36.50000000000001,0,8.861111111111095,14.333333333333316
1,15,33.88888888888889,0,11.111111111111091,8.222222222222205
1,16,33.388888888888886,0,9.166666666666648,15.499999999999975
1,17,37.16666666666668,0,10.333333333333318,14.083333333333313
1,18,37.11111111111111,0,7.44444444444443,13.944444444444425
1,19,37.88888888888889,0,6.8611111111111,12.305555555555538
1,20,39.30555555555555,0,8.194444444444429,15.333333333333313
1,21,39.94444444444445,0,8.749999999999986,11.944444444444429
1,22,32.13888888888889,0,12.083333333333316,14.138888888888872
1,23,40.80555555555558,0,8.222222222222205,13.805555555555532
1,24,39.111111111111136,0,7.027777777777764,15.861111111111082
1,25,39.05555555555556,0,9.333333333333318,15.249999999999979
1,26,37.77777777777777,0,10.388888888888875,16.7222222222222
1,27,38.30555555555556,0,8.69444444444443,18.305555555555536
1,28,35.55555555555556,0,8.694444444444427,17.13888888888888
1,29,41.00000000000002,0,5.305555555555547,13.694444444444425
1,30,35.222222222222236,0,6.444444444444434,15.722222222222204
1,31,34.69444444444444,0,6.583333333333322,16.916666666666657
1,32,41.44444444444445,0,8.611111111111095,15.249999999999984
1,33,36.38888888888891,0,7.472222222222207,15.027777777777757
1,34,37.22222222222222,0,9.777777777777763,16.80555555555555
1,35,36.888888888888914,0,5.222222222222217,20.05555555555557
1,36,32.75000000000001,0,8.944444444444429,12.638888888888875
1,37,43.94444444444446,0,3.111111111111111,21.527777777777782
1,38,43.22222222222222,0,14.055555555555543,14.305555555555532
1,39,40.055555555555564,0,8.611111111111097,15.194444444444422
1,40,42.44444444444444,0,7.527777777777762,21.027777777777786
1,41,35.22222222222223,0,5.749999999999994,13.749999999999975
1,42,42.138888888888886,0,8.499999999999984,12.63888888888887
1,43,48.66666666666667,90,13.888888888888875,13.05555555555554
1,44,39.333333333333336,162,12.638888888888868,15.416666666666648
1,45,81.58333333333337,162,44.333333333333606,12.888888888888872
1,46,84.69444444444446,162,28.027777777777697,15.777777777777755
1,47,91.83333333333334,162,40.88888888888905,14.11111111111109
1,48,76.69444444444449,162,42.61111111111132,20.416666666666675
1,49,111.00000000000003,168,41.58333333333351,20.63888888888889
1,50,73.97222222222224,168,35.97222222222225,14.749999999999977
1,51,88.11111111111113,168,40.38888888888903,13.83333333333331
1,52,89.58333333333334,168,33.361111111111065,19.13888888888889
1,53,51.777777777777786,168,38.61111111111123,17.24999999999999
1,54,89.25000000000006,168,41.22222222222239,24.13888888888894
1,55,89.50000000000003,168,19.583333333333286,19.22222222222224
1,56,103.22222222222221,168,31.416666666666572,20.250000000000018
1,57,70.33333333333333,168,28.11111111111104,13.972222222222204
1,58,97.69444444444449,174,44.444444444444706,21.611111111111118
1,59,78.58333333333333,174,38.80555555555568,13.916666666666643
1,60,68.44444444444446,180,38.7500000000001,16.916666666666657
1,61,82.55555555555556,180,28.499999999999922,17.05555555555554
1,62,89.00000000000003,180,46.44444444444478,14.80555555555553
1,63,74.6666666666667,180,43.388888888889134,12.666666666666648
1,64,103.36111111111113,180,44.66666666666693,22.972222222222264
1,65,86.38888888888891,180,40.05555555555569,18.694444444444443
1,66,71.52777777777777,180,39.138888888889,17.055555555555543
1,67,75.50000000000001,210,46.61111111111145,15.666666666666647
1,68,96.91666666666671,210,57.50000000000063,13.2222222222222
1,69,87.05555555555557,210,37.888888888888964,14.777777777777763
1,70,93.08333333333337,210,36.250000000000036,21.305555555555582
1,71,97.86111111111111,210,45.1111111111114,18.55555555555554
1,72,92.0,210,60.722222222222946,12.472222222222202
1,73,48.444444444444436,312,23.388888888888896,15.333333333333318
1,74,64.11111111111113,330,27.30555555555559,12.63888888888887
1,75,73.69444444444449,330,20.88888888888887,15.666666666666648
1,76,55.83333333333333,330,18.19444444444442,19.027777777777782
1,77,64.6111111111111,348,28.50000000000003,15.527777777777755
1,78,63.944444444444464,348,38.91666666666692,16.36111111111109
1,79,59.22222222222223,348,20.77777777777778,18.75000000000001
1,80,58.00000000000002,348,19.05555555555553,17.249999999999975
1,81,59.47222222222223,348,26.388888888888925,15.361111111111093
1,82,71.80555555555554,348,24.388888888888896,14.749999999999975
1,83,68.36111111111114,348,31.63888888888895,21.41666666666668
1,84,70.83333333333334,348,26.83333333333336,15.222222222222202
1,85,73.50000000000003,354,26.833333333333364,17.055555555555543
1,86,64.38888888888889,354,42.22222222222255,14.24999999999998
1,87,68.72222222222223,354,35.250000000000135,16.83333333333332
1,88,61.05555555555557,354,46.69444444444492,13.805555555555534
1,89,68.0,366,29.583333333333403,19.222222222222225
1,90,63.36111111111112,366,30.916666666666693,14.888888888888866
1,91,66.1388888888889,366,39.722222222222456,11.944444444444427
1,92,73.91666666666666,366,30.527777777777832,20.777777777777796
1,93,63.2777777777778,366,35.94444444444461,15.083333333333316
1,94,68.47222222222223,366,38.00000000000023,14.416666666666645
1,95,58.1388888888889,366,36.5833333333335,14.722222222222204
1,96,71.80555555555557,366,31.027777777777843,19.02777777777778
1,97,62.222222222222214,366,33.333333333333414,19.361111111111107
1,98,74.88888888888889,366,31.50000000000006,17.638888888888868
1,99,70.86111111111113,366,24.638888888888907,17.916666666666664
1,100,65.8888888888889,366,27.41666666666667,22.888888888888903
1,101,77.77777777777779,366,38.91666666666692,12.111111111111095
1,102,75.8611111111111,366,39.361111111111356,14.416666666666648
1,103,71.91666666666669,366,42.94444444444481,14.472222222222198
1,104,79.3888888888889,366,27.361111111111164,16.638888888888868
1,105,65.69444444444449,366,38.88888888888915,16.722222222222197
1,106,66.47222222222221,366,36.47222222222237,19.499999999999996
1,107,61.222222222222236,366,51.91666666666727,15.055555555555532
1,108,74.3888888888889,366,35.722222222222356,16.66666666666665
1,109,67.25,366,27.555555555555582,13.555555555555541
1,110,76.05555555555559,366,31.444444444444482,14.416666666666643
1,111,68.69444444444444,366,25.611111111111153,18.805555555555554
1,112,64.72222222222226,366,33.91666666666677,20.194444444444454
1,113,70.72222222222224,372,43.805555555555976,12.24999999999998
1,114,73.9722222222222,372,27.41666666666668,18.750000000000007
1,115,75.77777777777779,372,43.1944444444448,16.111111111111086
1,116,83.97222222222221,390,36.55555555555573,15.388888888888864
1,117,77.77777777777779,390,44.027777777778155,12.916666666666647
1,118,82.72222222222223,390,35.75000000000015,11.722222222222198
1,119,81.49999999999994,390,32.527777777777835,14.86111111111109
1,120,77.22222222222223,390,29.50000000000003,15.722222222222202
1,121,83.30555555555554,390,38.44444444444468,19.388888888888893
1,122,71.19444444444446,390,36.250000000000185,19.16666666666667
1,123,69.69444444444449,390,33.00000000000007,17.52777777777777
1,124,70.77777777777776,390,38.555555555555785,18.888888888888907
1,125,72.47222222222221,390,38.333333333333535,13.999999999999984
1,126,80.69444444444444,390,43.05555555555593,20.472222222222218
1,127,72.3888888888889,390,39.63888888888917,14.222222222222202
1,128,70.50000000000003,390,43.11111111111145,14.222222222222202
1,129,71.88888888888887,390,48.02777777777829,12.52777777777776
1,130,74.75,390,40.833333333333634,14.861111111111088
1,131,77.2777777777778,390,48.25000000000048,20.500000000000018
1,132,71.75000000000003,390,45.22222222222264,14.472222222222205
1,133,83.16666666666666,390,32.63888888888894,16.30555555555554
1,134,75.13888888888886,390,33.944444444444535,15.944444444444422
1,135,76.5,390,41.86111111111142,16.333333333333314
1,136,68.63888888888889,390,57.777777777778596,17.916666666666654
1,137,63.25000000000001,390,28.888888888888925,14.166666666666645
1,138,75.77777777777779,390,35.38888888888905,27.694444444444496
1,139,71.86111111111107,390,40.00000000000026,18.13888888888888
1,140,74.49999999999999,390,38.55555555555578,13.999999999999984
1,141,71.94444444444441,390,40.47222222222253,15.138888888888868
1,142,75.91666666666666,390,42.472222222222584,13.194444444444427
1,143,75.19444444444446,390,35.55555555555572,18.19444444444444
1,144,66.44444444444441,390,33.25000000000009,19.416666666666664
1,145,73.88888888888891,390,42.5833333333337,19.944444444444457
1,146,76.8888888888889,390,39.638888888889156,12.222222222222204
1,147,89.47222222222221,390,43.83333333333371,18.5
1,148,76.05555555555556,390,40.44444444444473,14.277777777777757
1,149,82.05555555555559,390,39.333333333333584,12.111111111111095
1,150,71.5,390,34.25000000000013,21.500000000000036
1,151,82.19444444444443,390,41.55555555555586,14.027777777777759
1,152,87.41666666666666,390,31.77777777777784,20.05555555555555
1,153,87.08333333333334,390,42.888888888889255,18.1111111111111
1,154,86.16666666666666,390,39.777777777778034,23.555555555555607
1,155,80.88888888888891,390,34.833333333333464,18.472222222222214
1,156,80.91666666666666,390,44.05555555555595,19.66666666666667
1,157,72.97222222222224,390,52.194444444445054,13.944444444444422
1,158,77.27777777777777,390,33.666666666666764,18.055555555555543
1,159,73.61111111111114,390,34.88888888888901,21.027777777777803
1,160,83.08333333333337,390,33.7777777777779,21.833333333333368
1,161,76.74999999999999,390,45.944444444444905,17.66666666666665
1,162,80.05555555555556,390,41.77777777777809,14.388888888888864
1,163,67.1111111111111,390,46.91666666666715,19.972222222222214
1,164,63.1388888888889,390,40.50000000000028,18.055555555555536
1,165,79.00000000000001,390,47.05555555555603,15.444444444444422
1,166,65.33333333333334,390,27.916666666666693,19.861111111111093
1,167,76.00000000000003,390,38.41666666666691,17.52777777777776
1,168,79.91666666666669,390,35.416666666666806,13.444444444444429
1,169,63.22222222222221,390,33.30555555555565,20.000000000000004
1,170,87.50000000000003,390,41.11111111111143,20.00000000000002
1,171,84.3611111111111,390,48.05555555555609,13.638888888888873
1,172,75.86111111111111,390,43.527777777778155,12.166666666666647
1,173,74.16666666666663,390,42.16666666666699,13.555555555555538
1,174,71.05555555555553,390,33.08333333333339,19.694444444444443
1,175,74.91666666666666,390,40.16666666666695,19.388888888888907
1,176,80.9166666666667,390,49.8055555555561,17.222222222222225
1,177,86.44444444444444,390,37.22222222222238,18.24999999999999
1,178,63.58333333333334,390,43.805555555555955,16.611111111111097
1,179,64.8888888888889,390,46.527777777778276,18.36111111111112
1,180,85.25000000000006,390,35.44444444444458,13.08333333333331
1,181,80.55555555555554,390,39.88888888888917,20.30555555555559
1,182,90.55555555555559,390,27.027777777777803,19.694444444444454
1,183,78.02777777777779,390,46.02777777777821,11.58333333333331
1,184,78.52777777777777,390,37.361111111111335,17.80555555555554
1,185,69.27777777777779,390,42.83333333333369,15.472222222222197
1,186,73.19444444444444,390,51.166666666667275,15.722222222222197
1,187,83.44444444444444,390,38.47222222222245,18.472222222222225
1,188,76.6666666666667,390,32.50000000000008,21.94444444444447
1,189,81.19444444444443,390,33.194444444444535,23.944444444444464
1,190,71.88888888888889,390,38.66666666666691,17.527777777777775
1,191,68.19444444444444,390,40.63888888888921,19.638888888888886
1,192,86.58333333333339,390,37.72222222222244,15.111111111111093
1,193,77.91666666666671,390,39.527777777778056,14.944444444444422
1,194,89.08333333333339,390,30.750000000000025,18.888888888888896
1,195,77.13888888888889,390,42.44444444444478,20.444444444444446
1,196,68.69444444444444,390,39.5555555555558,18.97222222222221
1,197,71.72222222222223,390,44.27777777777819,12.638888888888866
1,198,78.63888888888889,390,40.44444444444474,15.249999999999982
1,199,70.27777777777779,390,30.583333333333368,23.583333333333332
1,200,77.36111111111113,390,51.52777777777839,15.472222222222204
1,201,66.66666666666667,390,45.55555555555601,17.888888888888868
1,202,91.66666666666667,390,35.22222222222238,19.138888888888882
1,203,65.72222222222224,390,32.0277777777778,17.166666666666647
1,204,66.8888888888889,390,52.527777777778404,18.194444444444425
1,205,73.97222222222224,390,43.444444444444834,17.166666666666647
1,206,71.41666666666667,390,41.13888888888921,14.666666666666648
1,207,80.19444444444444,390,43.30555555555592,13.583333333333316
1,208,83.6111111111111,390,44.694444444444876,17.36111111111109
1,209,83.02777777777777,666,57.77777777777856,18.50000000000001
1,210,66.69444444444446,690,37.138888888889085,12.916666666666647
1,211,72.41666666666669,840,42.72222222222256,21.027777777777793
1,212,71.38888888888889,960,50.416666666667226,16.7222222222222
1,213,68.3888888888889,1146,44.02777777777815,19.833333333333336
1,214,81.88888888888887,1164,53.66666666666735,13.666666666666643
1,215,67.61111111111111,1254,40.33333333333361,15.805555555555532
1,216,76.16666666666667,1254,55.55555555555629,14.666666666666647
1,217,78.0833333333333,1254,37.50000000000017,21.166666666666686
1,218,84.33333333333333,1254,53.02777777777841,13.9722222222222
1,219,82.61111111111111,1254,45.13888888888932,15.611111111111091
1,220,80.55555555555557,1254,51.16666666666724,13.833333333333313
1,221,76.08333333333334,1254,47.91666666666715,23.25000000000006
1,222,77.27777777777781,1254,45.777777777778205,14.638888888888872
1,223,77.72222222222226,1254,42.58333333333368,18.05555555555555
1,224,82.86111111111113,1254,53.19444444444507,19.25000000000001
1,225,76.19444444444446,1254,35.50000000000012,22.250000000000025
1,226,67.77777777777777,1254,58.000000000000796,16.444444444444418
1,227,88.13888888888884,1254,35.33333333333346,16.583333333333304
1,228,82.27777777777776,1254,43.972222222222605,20.333333333333346
1,229,72.30555555555557,1254,36.333333333333485,24.66666666666671
1,230,82.58333333333331,1254,43.500000000000384,17.527777777777782
1,231,83.11111111111111,1254,54.22222222222292,18.138888888888882
1,232,84.91666666666669,1254,42.66666666666701,19.16666666666667
1,233,75.30555555555559,1254,51.72222222222281,13.305555555555534
1,234,85.58333333333336,1254,53.02777777777842,18.361111111111104
1,235,92.75000000000004,1254,42.72222222222255,24.250000000000046
1,236,83.30555555555557,1254,34.41666666666677,19.27777777777779
1,237,68.58333333333336,1254,43.75000000000037,15.722222222222197
1,238,91.88888888888894,1254,45.86111111111154,18.66666666666667
1,239,87.47222222222224,1254,53.77777777777844,18.55555555555555
1,240,82.94444444444447,1254,43.00000000000034,17.749999999999993
1,241,94.88888888888889,1350,47.30555555555599,15.305555555555538
1,242,75.97222222222223,1350,50.38888888888943,17.527777777777764
1,243,84.19444444444444,1350,34.027777777777885,18.27777777777778
1,244,90.6666666666667,1350,39.75000000000025,15.499999999999979
1,245,90.55555555555556,1350,62.72222222222315,15.555555555555529
1,246,89.5277777777778,1362,49.527777777778326,16.555555555555532
1,247,89.1388888888889,1416,37.50000000000018,15.30555555555553
1,248,59.111111111111114,1428,40.083333333333606,14.583333333333314
1,249,92.9722222222222,1428,57.333333333334075,18.277777777777775
1,250,76.02777777777777,1428,41.86111111111145,16.11111111111109
1,251,90.13888888888891,1428,55.58333333333405,19.472222222222218
1,252,85.91666666666669,1476,56.66666666666741,14.444444444444423
1,253,105.9722222222222,1494,43.19444444444479,22.222222222222264
1,254,72.05555555555559,1500,35.36111111111124,15.999999999999973
1,255,85.33333333333336,1560,53.08333333333397,16.666666666666654
1,256,92.16666666666664,1614,35.583333333333485,20.222222222222243
1,257,105.0277777777778,1614,38.22222222222246,20.416666666666668
1,258,80.91666666666669,1614,52.77777777777841,20.3888888888889
1,259,86.58333333333334,1650,47.80555555555603,15.777777777777759
1,260,101.30555555555557,1662,54.69444444444514,14.694444444444429
1,261,97.30555555555554,1692,58.47222222222302,16.61111111111109
1,262,90.49999999999996,1692,47.69444444444495,21.63888888888892
1,263,95.75000000000003,1692,48.55555555555608,16.111111111111086
1,264,92.58333333333336,1692,48.50000000000051,20.694444444444446
1,265,109.02777777777777,1692,38.666666666666906,16.027777777777754
1,266,84.08333333333336,1710,50.83333333333393,20.361111111111118
1,267,85.72222222222223,1710,46.08333333333378,18.055555555555543
1,268,92.08333333333333,1710,56.02777777777852,16.944444444444425
1,269,83.05555555555556,1710,58.7777777777786,15.972222222222195
1,270,85.61111111111109,1806,52.88888888888953,24.083333333333385
1,271,81.94444444444444,1806,62.30555555555648,14.194444444444423
1,272,80.30555555555559,1806,66.86111111111214,18.19444444444445
1,273,88.8055555555556,1806,54.05555555555623,12.583333333333314
1,274,92.66666666666669,1812,54.19444444444514,13.749999999999979
1,275,96.8888888888889,1872,50.916666666667275,19.750000000000018
1,276,85.63888888888891,1932,54.27777777777846,16.4722222222222
1,277,89.69444444444444,1938,61.583333333334224,17.277777777777786
1,278,84.44444444444444,1938,45.611111111111555,16.66666666666665
1,279,101.8888888888889,1938,53.61111111111177,16.861111111111104
1,280,109.47222222222224,1938,51.52777777777839,18.41666666666665
1,281,97.72222222222223,1938,58.250000000000774,20.138888888888896
1,282,98.88888888888893,1938,43.83333333333372,20.47222222222224
1,283,97.05555555555557,1938,55.44444444444517,14.472222222222193
1,284,91.69444444444446,1938,58.47222222222303,16.555555555555543
1,285,103.8888888888889,1938,64.19444444444541,13.805555555555538
1,286,87.0277777777778,1938,47.63888888888936,23.361111111111146
1,287,97.86111111111116,1938,43.83333333333371,18.305555555555564
1,288,96.86111111111107,1938,61.777777777778645,15.138888888888872
1,289,84.02777777777776,1938,57.88888888888968,12.138888888888872
1,290,96.22222222222223,1938,71.69444444444558,13.055555555555536
1,291,97.30555555555559,1938,48.08333333333384,18.527777777777768
1,292,115.44444444444447,1938,47.91666666666716,18.805555555555546
1,293,81.8888888888889,1938,49.41666666666721,16.05555555555553
1,294,101.38888888888889,1938,53.1944444444451,19.30555555555558
1,295,93.41666666666669,1938,47.30555555555601,20.888888888888893
1,296,97.63888888888893,1938,55.02777777777848,26.638888888888943
1,297,78.55555555555559,1938,56.944444444445196,16.05555555555554
1,298,102.88888888888886,1938,52.61111111111174,18.249999999999993
1,299,92.41666666666667,1938,58.527777777778596,13.83333333333332
1,300,91.94444444444444,1938,48.94444444444496,21.47222222222224
1,301,92.41666666666669,1938,46.63888888888936,17.58333333333332
1,302,102.66666666666669,1938,45.222222222222655,19.527777777777768
1,303,77.83333333333334,1938,63.80555555555648,11.222222222222202
1,304,84.72222222222224,1938,51.55555555555618,21.16666666666669
1,305,99.3888888888889,1938,61.44444444444532,12.91666666666665
1,306,97.11111111111111,1938,64.52777777777874,15.472222222222195
1,307,92.00000000000001,1938,57.222222222222996,20.88888888888891
1,308,80.47222222222221,1938,50.94444444444502,18.75000000000001
1,309,95.88888888888887,1938,54.47222222222291,19.527777777777786
1,310,101.3888888888889,1938,49.02777777777831,21.80555555555556
1,311,106.3888888888889,1938,53.583333333334,11.888888888888866
1,312,106.61111111111111,1938,41.22222222222254,20.805555555555568
1,313,88.52777777777783,1938,61.77777777777868,20.44444444444446
1,314,98.27777777777776,1938,47.41666666666715,17.91666666666665
1,315,86.66666666666669,1938,59.97222222222308,15.777777777777757
1,316,99.99999999999997,1938,41.555555555555884,17.972222222222207
1,317,91.83333333333336,1938,55.69444444444518,14.77777777777776
1,318,100.75000000000004,1938,54.94444444444516,20.666666666666668
1,319,101.36111111111113,1938,60.44444444444531,15.277777777777757
1,320,94.69444444444446,1938,58.8888888888897,15.166666666666648
1,321,96.19444444444447,1938,67.80555555555661,14.888888888888868
1,322,103.24999999999999,1938,60.36111111111199,19.50000000000001
1,323,91.44444444444446,1938,53.777777777778425,14.805555555555538
1,324,85.08333333333333,1938,53.13888888888953,21.583333333333353
1,325,94.80555555555556,1938,52.44444444444504,20.11111111111113
1,326,116.02777777777777,1938,58.25000000000079,18.75000000000001
1,327,92.72222222222223,1938,57.6111111111119,24.166666666666725
1,328,102.38888888888893,1938,58.861111111111924,13.972222222222202
1,329,98.5555555555556,1938,67.05555555555661,15.888888888888864
1,330,100.08333333333333,1938,64.44444444444542,20.41666666666667
1,331,102.99999999999999,1938,68.83333333333438,11.444444444444429
1,332,94.0,1938,63.583333333334274,19.444444444444446
1,333,100.1111111111111,1938,40.305555555555834,26.13888888888894
1,334,106.91666666666664,1938,46.805555555556026,26.472222222222296
1,335,75.97222222222223,1938,53.055555555556204,19.555555555555564
1,336,97.44444444444446,1938,47.91666666666717,17.499999999999993
1,337,90.00000000000001,1938,61.7222222222231,18.555555555555536
1,338,105.91666666666666,1938,71.61111111111225,18.750000000000004
1,339,101.44444444444446,1938,56.66666666666741,15.583333333333313
1,340,100.88888888888889,1938,60.250000000000874,20.444444444444464
1,341,100.25,1938,60.05555555555642,18.75
1,342,76.94444444444447,1938,39.94444444444474,19.027777777777786
1,343,104.94444444444444,1938,63.6944444444454,22.694444444444468
1,344,95.36111111111106,1938,52.36111111111175,22.11111111111113
1,345,97.41666666666669,1938,59.80555555555641,15.722222222222205
1,346,98.8888888888889,1938,48.00000000000052,21.611111111111125
1,347,107.27777777777779,1938,47.055555555556026,22.222222222222236
1,348,93.1111111111111,1938,63.33333333333426,20.722222222222246
1,349,98.44444444444447,1938,58.25000000000078,21.277777777777782
1,350,100.16666666666666,1938,63.72222222222321,23.861111111111118
1,351,99.7222222222222,1962,74.61111111111228,16.72222222222221
1,352,101.94444444444444,1980,44.2500000000004,24.52777777777784
1,353,95.11111111111116,1980,45.05555555555599,23.000000000000046
1,354,119.80555555555554,1980,42.138888888889205,21.55555555555556
1,355,86.88888888888887,1980,73.88888888889001,21.027777777777768
1,356,98.55555555555554,1980,50.333333333333904,22.55555555555558
1,357,99.19444444444447,1986,62.97222222222318,17.99999999999999
1,358,94.41666666666666,1992,65.88888888888991,22.75000000000002
1,359,94.38888888888886,2016,61.94444444444534,25.97222222222228
1,360,89.2777777777778,2022,58.7777777777786,20.555555555555564
1,361,106.08333333333333,2028,67.1944444444455,24.111111111111153
1,362,103.58333333333334,2028,59.36111111111193,16.777777777777764
1,363,106.97222222222221,2082,71.50000000000114,20.527777777777775
1,364,93.00000000000001,2088,48.38888888888945,21.916666666666693
1,365,101.88888888888891,2088,62.9166666666676,21.333333333333353
1,366,93.24999999999999,2094,36.05555555555573,32.22222222222231
1,367,107.97222222222223,2106,54.80555555555625,24.08333333333336
1,368,87.08333333333333,2106,56.38888888888961,23.4166666666667
1,369,96.30555555555556,2106,49.972222222222776,21.833333333333357
1,370,101.38888888888887,2106,63.3055555555565,18.361111111111107
1,371,101.27777777777781,2106,76.7500000000012,20.472222222222232
1,372,103.88888888888891,2118,55.72222222222293,23.6388888888889
1,373,106.58333333333333,2148,45.6944444444449,25.500000000000036
1,374,89.63888888888893,2166,49.11111111111164,23.38888888888893
1,375,90.05555555555554,2178,53.66666666666737,18.13888888888889
1,376,97.9444444444445,2178,51.777777777778375,23.69444444444446
1,377,103.7222222222222,2178,54.7500000000007,23.05555555555557
1,378,107.05555555555553,2178,63.555555555556516,20.66666666666666
1,379,103.66666666666666,2190,54.94444444444513,24.361111111111168
1,380,114.75000000000003,2196,56.30555555555628,26.805555555555614
1,381,109.30555555555556,2196,68.47222222222331,19.138888888888896
1,382,96.22222222222224,2196,53.861111111111796,21.277777777777803
1,383,116.36111111111114,2196,64.8055555555565,19.0
1,384,93.11111111111113,2196,68.27777777777884,20.583333333333343
1,385,112.19444444444447,2196,65.36111111111211,19.25
1,386,89.02777777777781,2196,58.30555555555635,18.388888888888875
1,387,93.16666666666666,2196,67.1666666666677,28.305555555555596
1,388,97.1388888888889,2196,72.94444444444561,19.916666666666682
1,389,90.75,2196,76.86111111111234,20.19444444444445
1,390,101.52777777777781,2196,61.50000000000091,20.16666666666669
1,391,94.5,2196,60.583333333334195,20.416666666666675
1,392,115.91666666666663,2196,62.97222222222313,19.305555555555554
1,393,98.66666666666666,2220,56.75000000000075,23.000000000000025
1,394,106.16666666666666,2220,62.944444444445374,21.861111111111136
1,395,100.13888888888891,2304,54.00000000000069,22.916666666666693
1,396,103.22222222222226,2334,63.88888888888985,21.111111111111125
1,397,101.61111111111116,2352,66.33333333333435,19.80555555555555
1,398,118.30555555555557,2358,71.33333333333445,20.111111111111114
1,399,89.7777777777778,2358,65.8611111111121,17.305555555555536
1,400,98.83333333333329,2370,43.805555555555934,27.19444444444447
1,401,92.44444444444447,2370,63.722222222223174,16.305555555555532
1,402,104.22222222222221,2370,67.2777777777788,25.88888888888894
1,403,85.75,2370,61.66666666666755,19.611111111111107
1,404,91.6388888888889,2370,55.000000000000675,22.750000000000053
1,405,106.77777777777779,2370,74.16666666666784,21.97222222222222
1,406,97.44444444444449,2370,61.472222222223095,24.250000000000025
1,407,93.19444444444447,2370,66.11111111111208,21.16666666666669
1,408,109.3055555555556,2370,54.88888888888958,23.583333333333364
1,409,87.75000000000001,2370,72.94444444444558,17.055555555555532
1,410,108.66666666666667,2370,65.25000000000095,19.000000000000007
1,411,105.83333333333334,2370,61.77777777777866,25.69444444444452
1,412,109.41666666666667,2382,56.63888888888962,22.055555555555582
1,413,105.13888888888889,2412,57.16666666666741,21.194444444444457
1,414,107.4166666666667,2430,54.13888888888953,19.777777777777768
1,415,143.08333333333334,2430,90.16666666666812,23.222222222222243
1,416,131.27777777777777,2430,86.80555555555695,19.499999999999993
1,417,141.36111111111117,2430,101.8055555555573,16.88888888888887
1,418,136.86111111111111,2430,105.52777777777963,16.555555555555536
1,419,137.86111111111111,2430,92.3888888888904,21.333333333333346
1,420,142.5,2430,72.83333333333437,28.80555555555562
1,421,138.13888888888894,2430,84.86111111111245,18.97222222222223
1,422,147.52777777777777,2430,106.7222222222241,21.47222222222226
1,423,149.25000000000006,2430,89.36111111111255,16.19444444444442
1,424,139.55555555555557,2430,89.50000000000145,17.388888888888882
1,425,148.6111111111112,2430,83.72222222222352,16.05555555555554
1,426,132.3888888888889,2430,92.44444444444598,15.05555555555553
1,427,154.52777777777777,2430,72.61111111111214,20.250000000000018
1,428,149.36111111111117,2430,78.6111111111123,21.138888888888896
1,429,155.86111111111117,2430,73.19444444444548,23.444444444444485
1,430,148.1666666666667,2430,93.88888888889046,17.555555555555546
1,431,143.47222222222229,2430,87.3611111111125,22.138888888888907
1,432,158.02777777777783,2430,89.22222222222366,15.583333333333309
1,433,165.80555555555557,2430,75.38888888888998,25.138888888888946
1,434,121.25,2430,70.0833333333343,26.027777777777832
1,435,152.97222222222223,2430,95.97222222222385,21.416666666666696
1,436,125.83333333333337,2430,101.08333333333508,19.97222222222221
1,437,170.1111111111112,2430,101.13888888889065,20.88888888888893
1,438,137.58333333333337,2658,90.75000000000149,34.777777777778006
1,439,164.1944444444445,2658,91.58333333333485,33.88888888888929
1,440,137.97222222222226,2658,82.33333333333461,41.83333333333393
1,441,148.47222222222223,2658,63.694444444445246,42.91666666666737
1,442,166.27777777777777,2658,88.61111111111255,39.16666666666726
1,443,183.91666666666683,2658,114.52777777777987,32.166666666667055
1,444,135.75000000000006,2658,111.000000000002,37.00000000000051
1,445,136.8611111111112,2658,88.30555555555699,38.305555555556104
1,446,143.0277777777778,2658,65.6944444444453,42.722222222222904
1,447,162.52777777777783,2658,88.05555555555698,38.11111111111166
1,448,157.30555555555554,2658,78.88888888889008,33.58333333333377
1,449,164.55555555555551,2658,62.61111111111188,44.8888888888896
1,450,163.75,2658,67.52777777777868,44.75000000000073
1,451,137.91666666666669,2658,82.63888888889018,38.77777777777835
1,452,138.4166666666667,2658,82.27777777777905,34.47222222222263
1,453,152.55555555555554,2658,105.00000000000185,32.72222222222262
1,454,126.55555555555557,2658,85.16666666666801,47.472222222223046
1,455,135.47222222222223,2658,96.05555555555718,41.88888888888953
1,456,139.8888888888889,2658,73.41666666666772,43.63888888888962
1,457,150.66666666666666,2658,70.2222222222232,48.72222222222306
1,458,151.27777777777777,2658,97.00000000000165,33.22222222222266
1,459,147.91666666666666,2658,81.38888888889015,39.33333333333393
1,460,160.0,2658,106.55555555555746,40.888888888889525
1,461,142.80555555555563,2658,70.50000000000098,44.77777777777853
1,462,126.83333333333336,2658,77.33333333333448,39.22222222222282
1,463,131.3333333333334,2658,96.2777777777794,36.083333333333776
1,464,148.61111111111117,2658,77.91666666666784,43.69444444444514
1,465,158.77777777777786,2658,97.72222222222389,40.00000000000062
1,466,139.11111111111111,2658,112.13888888889092,31.666666666667044
1,467,138.8888888888889,2658,99.11111111111282,37.75000000000052
1,468,134.83333333333334,2658,91.36111111111262,36.38888888888933
1,469,125.05555555555557,2658,96.6666666666683,37.30555555555608
1,470,146.80555555555557,2658,86.75000000000139,39.222222222222804
1,471,153.75,2658,81.16666666666792,44.47222222222297
1,472,164.36111111111111,2658,109.47222222222419,37.666666666667204
1,473,141.11111111111111,2658,75.02777777777887,41.50000000000064
1,474,145.44444444444449,2658,62.83333333333411,41.83333333333402
1,475,129.0833333333334,2658,67.58333333333424,41.11111111111177
1,476,138.94444444444446,2658,90.05555555555704,37.80555555555607
1,477,135.8055555555556,2658,73.69444444444551,38.05555555555611
1,478,136.25000000000003,2658,86.94444444444584,39.80555555555616
1,479,167.11111111111114,2706,67.33333333333422,42.527777777778454
1,480,146.74999999999997,2784,60.388888888889596,46.33333333333412
1,481,139.25,2796,89.11111111111255,41.30555555555619
1,482,142.44444444444443,2796,92.44444444444598,35.16666666666713
1,483,140.50000000000003,2820,82.55555555555685,42.972222222222904
1,484,140.13888888888894,2826,70.58333333333431,41.138888888889504
1,485,145.33333333333331,2886,73.38888888888994,41.41666666666726
1,486,137.61111111111111,2886,82.25000000000126,40.08333333333394
1,487,157.00000000000003,2898,55.05555555555611,46.80555555555635
1,488,135.3055555555556,3066,72.72222222222325,45.86111111111186
1,489,160.7777777777778,3120,84.38888888889022,40.08333333333392
1,490,136.75,3120,92.25000000000153,45.027777777778496
1,491,144.11111111111111,3132,76.38888888889002,43.527777777778496
1,492,166.9444444444445,3150,81.47222222222348,38.50000000000054
1,493,143.3055555555556,3156,66.88888888888977,43.80555555555623
1,494,148.05555555555563,3162,77.80555555555672,37.388888888889404
1,495,157.47222222222229,3192,94.66666666666828,35.222222222222705
1,496,144.63888888888889,3192,75.91666666666778,48.19444444444527
1,497,165.61111111111114,3198,75.61111111111222,41.55555555555617
1,498,114.3611111111111,3198,61.194444444445175,42.11111111111177
1,499,127.0,3204,84.91666666666801,40.13888888888947
1,500,134.44444444444443,3222,94.02777777777935,39.36111111111171
1,501,144.13888888888889,3252,98.7500000000017,34.583333333333805
1,502,147.86111111111117,3270,76.50000000000114,40.66666666666728
1,503,119.47222222222224,3270,79.88888888889011,39.833333333333954
1,504,156.41666666666677,3324,79.86111111111231,40.52777777777838
1,505,145.63888888888894,3324,66.00000000000085,42.083333333334
1,506,149.5,3324,67.66666666666757,42.638888888889575
1,507,145.13888888888889,3324,69.02777777777872,44.58333333333409
1,508,139.36111111111117,3330,62.527777777778546,47.666666666667496
1,509,163.63888888888897,3330,76.88888888889002,42.11111111111174
1,510,133.94444444444446,3330,80.11111111111234,40.500000000000554
1,511,133.2777777777778,3336,79.8611111111123,38.44444444444498
1,512,149.19444444444446,3348,79.77777777777898,42.58333333333402
1,513,144.02777777777777,3360,66.33333333333421,44.41666666666739
1,514,125.41666666666666,3360,82.16666666666794,41.27777777777843
1,515,145.66666666666674,3366,83.3888888888902,46.583333333334124
1,516,151.00000000000006,3366,80.277777777779,36.500000000000455
1,517,142.75,3366,67.27777777777867,43.77777777777845
1,518,141.52777777777789,3366,67.27777777777867,48.30555555555634
1,519,147.83333333333337,3366,70.00000000000097,47.61111111111193
1,520,157.50000000000003,3366,70.33333333333431,42.88888888888956
1,521,112.47222222222221,3366,82.50000000000128,39.805555555556154
1,522,147.00000000000003,3366,44.75000000000026,52.77777777777871
1,523,128.77777777777777,3366,74.58333333333441,42.861111111111796
1,524,152.52777777777783,3366,69.16666666666761,46.08333333333409
1,525,141.86111111111114,3366,82.25000000000128,36.833333333333854
1,526,151.6666666666667,3366,77.61111111111228,39.08333333333382
1,527,140.33333333333334,3366,79.3888888888901,44.83333333333407
1,528,140.69444444444449,3366,51.25000000000045,46.777777777778574
1,529,136.1111111111111,3366,72.94444444444548,42.000000000000625
1,530,145.3055555555556,3366,59.52777777777846,49.91666666666753
1,531,130.41666666666669,3366,73.50000000000105,46.94444444444521
1,532,131.50000000000006,3366,74.75000000000108,43.361111111111775
1,533,134.0,3366,84.2777777777791,39.7222222222228
1,534,141.83333333333334,3366,68.44444444444537,43.33333333333405
1,535,130.47222222222223,3366,98.94444444444616,41.50000000000061
1,536,136.74999999999997,3366,67.97222222222314,45.61111111111187
1,537,168.27777777777783,3366,69.58333333333428,43.138888888889575
1,538,160.33333333333334,3366,84.83333333333466,41.13888888888954
1,539,118.05555555555554,3366,69.19444444444538,43.30555555555628
1,540,153.94444444444446,3366,97.27777777777943,42.11111111111179
1,541,124.61111111111116,3366,73.22222222222327,46.80555555555636
1,542,150.9166666666667,3366,54.72222222222277,46.86111111111186
1,543,136.72222222222217,3366,74.69444444444552,48.66666666666754
1,544,133.0555555555556,3366,52.666666666667155,47.19444444444525
1,545,136.30555555555557,3366,69.86111111111207,43.19444444444514
1,546,161.36111111111114,3366,77.9444444444456,44.91666666666742
1,547,132.33333333333337,3366,82.27777777777905,38.527777777778326
1,548,137.7222222222222,3366,90.13888888889035,39.13888888888947
1,549,130.2777777777778,3366,64.9166666666675,44.583333333334025
1,550,126.41666666666674,3366,76.4166666666678,42.80555555555621
1,551,161.74999999999997,3366,86.77777777777915,39.2222222222228
1,552,145.50000000000009,3366,90.2222222222237,37.500000000000504
1,553,153.47222222222229,3366,69.72222222222318,41.97222222222288
1,554,145.2777777777778,3366,83.22222222222352,45.80555555555628
1,555,167.6388888888889,3366,59.833333333334025,46.750000000000774
1,556,153.38888888888894,3366,70.41666666666764,44.5555555555563
1,557,148.1666666666667,3366,58.666666666667325,46.11111111111189
1,558,150.02777777777777,3366,96.4166666666683,35.11111111111157
1,559,153.58333333333337,3366,81.75000000000126,41.91666666666732
1,560,132.55555555555554,3366,76.4166666666678,39.94444444444501
1,561,177.77777777777777,3366,81.80555555555682,43.05555555555627
1,562,141.5277777777778,3366,71.94444444444545,42.500000000000696
1,563,141.55555555555566,3366,94.55555555555715,42.52777777777846
1,564,171.1666666666668,3366,84.25000000000134,39.4166666666672
1,565,144.05555555555554,3366,80.72222222222346,43.94444444444514
1,566,141.00000000000003,3366,66.16666666666754,48.36111111111196
1,567,156.41666666666666,3366,64.94444444444528,49.97222222222308
1,568,140.41666666666669,3366,79.97222222222345,39.41666666666725
1,569,163.58333333333346,3366,78.88888888889008,42.277777777778454
1,570,131.08333333333337,3366,73.50000000000105,44.25000000000072
1,571,120.44444444444441,3366,81.80555555555682,41.055555555556175
1,572,143.50000000000006,3366,75.88888888889,41.52777777777841
1,573,131.72222222222226,3366,84.13888888889021,36.50000000000053
1,574,154.5277777777778,3366,64.33333333333415,44.75000000000074
1,575,130.44444444444446,3366,90.19444444444592,36.555555555556026
1,576,128.8055555555556,3366,73.61111111111217,47.527777777778525
1,577,113.83333333333331,3366,76.44444444444557,44.638888888889596
1,578,141.47222222222226,3366,73.50000000000105,46.50000000000076
1,579,157.0555555555556,3366,70.69444444444542,43.77777777777846
1,580,146.27777777777786,3366,72.55555555555658,40.91666666666727
1,581,122.5,3366,77.00000000000114,43.08333333333403
1,582,145.36111111111114,3366,68.52777777777871,49.9444444444453
1,583,136.8611111111111,3366,74.66666666666775,40.83333333333396
1,584,120.38888888888894,3366,54.52777777777832,49.000000000000846
1,585,140.08333333333348,3366,90.19444444444594,34.80555555555601
1,586,147.47222222222226,3366,105.08333333333519,38.19444444444497
1,587,154.30555555555563,3366,96.55555555555719,38.91666666666723
1,588,148.13888888888889,3408,66.00000000000087,50.50000000000092
1,589,129.9722222222222,3408,89.00000000000145,42.277777777778425
1,590,133.63888888888889,3408,75.50000000000111,44.13888888888958
1,591,135.5833333333334,3408,93.444444444446,39.222222222222804
1,592,155.88888888888889,3408,92.47222222222376,41.58333333333398
1,593,159.66666666666674,3408,74.6111111111122,42.083333333334004
1,594,138.75000000000003,3408,76.88888888889002,40.05555555555617
1,595,155.4722222222223,3408,77.41666666666782,43.861111111111846
1,596,160.27777777777783,3408,102.11111111111289,34.30555555555602
1,597,158.83333333333346,3408,78.16666666666784,41.9722222222229
1,598,135.11111111111111,3408,69.77777777777872,44.55555555555631
1,599,127.2777777777778,3408,106.11111111111299,34.30555555555603
1,600,145.86111111111111,3408,80.33333333333456,40.91666666666731
1,601,147.25000000000003,3408,102.13888888889066,35.19444444444493
1,602,136.88888888888894,3408,85.16666666666802,43.0277777777785
1,603,121.69444444444447,3408,77.69444444444561,42.972222222222904
1,604,141.61111111111123,3408,90.66666666666815,40.777777777778404
1,605,165.3055555555556,3408,70.38888888888987,46.61111111111191
1,606,101.97222222222219,3408,96.30555555555719,41.583333333333975
1,607,148.6388888888889,3408,103.88888888889072,37.69444444444502
1,608,143.7222222222223,3408,84.166666666668,38.805555555556104
1,609,124.86111111111109,3408,90.11111111111259,40.25000000000061
1,610,164.4722222222222,3408,92.08333333333486,43.13888888888961
1,611,129.11111111111114,3408,86.05555555555694,41.05555555555618
1,612,136.25000000000006,3408,62.05555555555631,46.3055555555563
1,613,138.0,3408,79.86111111111232,47.30555555555638
1,614,143.16666666666669,3408,94.41666666666825,42.63888888888957
1,615,142.4166666666667,3408,101.9444444444462,36.38888888888942
1,616,155.3888888888889,3408,76.05555555555667,48.13888888888975
1,617,137.5833333333334,3408,70.19444444444541,48.00000000000083
1,618,134.0277777777778,3408,91.69444444444596,36.22222222222274
1,619,136.38888888888889,3408,90.8611111111126,39.33333333333392
1,620,129.52777777777783,3408,82.66666666666795,44.888888888889625
1,621,141.6666666666667,3408,69.88888888888985,45.194444444445224
1,622,156.91666666666674,3576,90.25000000000149,36.86111111111165
1,623,135.08333333333337,3900,85.77777777777912,38.8611111111117
1,624,153.2222222222222,3900,95.22222222222383,38.777777777778375
1,625,145.61111111111117,3900,100.72222222222396,38.527777777778354
1,626,118.63888888888887,3900,75.58333333333444,47.55555555555639
1,627,171.61111111111126,3900,88.83333333333478,37.722222222222776
1,628,161.25000000000009,3900,89.5833333333348,41.36111111111177
1,629,132.8888888888889,3900,63.58333333333413,44.33333333333406
1,630,138.94444444444443,3900,79.2500000000012,42.7500000000007
1,631,144.44444444444449,3900,63.3611111111119,45.666666666667446
1,632,163.52777777777789,3900,82.88888888889018,42.33333333333403
1,633,138.3611111111111,3900,87.41666666666808,40.47222222222286
1,634,132.88888888888889,3900,77.88888888889005,41.08333333333399
1,635,148.77777777777789,3900,85.44444444444581,40.0277777777784
1,636,146.63888888888894,3900,93.77777777777935,36.27777777777828
1,637,129.25,3900,82.83333333333464,44.888888888889646
1,638,174.91666666666674,3900,97.11111111111278,38.972222222222825
1,639,143.38888888888894,4008,99.9166666666684,39.41666666666728
1,640,150.4444444444445,4008,94.77777777777938,39.33333333333395
1,641,143.0277777777778,4008,98.52777777777945,39.027777777778375
1,642,148.55555555555557,4008,82.16666666666794,41.000000000000654
1,643,134.08333333333337,4008,116.91666666666885,37.444444444445
1,644,149.0000000000001,4008,91.19444444444595,44.33333333333409
1,645,159.86111111111111,4008,104.30555555555739,39.11111111111169
1,646,138.50000000000006,4008,92.13888888889042,40.11111111111175
1,647,146.77777777777774,4008,97.25000000000163,36.833333333333876
1,648,125.00000000000001,4008,90.05555555555702,43.47222222222295
1,649,156.52777777777771,4008,90.25000000000148,43.833333333334075
1,650,150.61111111111117,4008,76.27777777777891,46.22222222222302
1,651,129.19444444444443,4008,86.16666666666805,38.72222222222282
1,652,158.1666666666667,4008,106.69444444444635,37.88888888888945
1,653,143.02777777777786,4008,92.75000000000155,42.16666666666736
1,654,144.88888888888889,4008,111.50000000000202,32.472222222222626
1,655,150.80555555555557,4008,114.30555555555766,37.77777777777835
1,656,138.0,4008,117.94444444444665,35.083333333333826
1,657,144.69444444444449,4008,109.41666666666862,35.277777777778276
1,658,161.7777777777779,4008,108.1666666666686,33.58333333333378
1,659,142.66666666666666,4008,74.05555555555662,45.66666666666746
1,660,148.6666666666667,4008,102.69444444444623,33.41666666666707
1,661,142.75000000000003,4008,71.80555555555657,45.555555555556346
1,662,143.66666666666669,4008,91.94444444444595,41.02777777777844
1,663,127.75000000000006,4008,76.6666666666678,43.77777777777852
1,664,144.33333333333343,4008,87.66666666666808,44.000000000000746
1,665,146.41666666666669,4008,92.80555555555709,40.00000000000063
1,666,134.13888888888897,4008,63.916666666667474,47.61111111111195
1,667,166.16666666666677,4008,75.05555555555664,43.222222222222946
1,668,139.52777777777783,4008,90.75000000000149,42.472222222222904
1,669,140.19444444444446,4008,125.8611111111135,31.02777777777815
1,670,153.33333333333337,4008,103.38888888889068,35.83333333333385
1,671,151.08333333333337,4008,91.97222222222375,39.72222222222284
1,672,148.52777777777783,4008,88.0277777777792,44.194444444445196
1,673,148.16666666666669,4008,91.52777777777929,41.666666666667346
1,674,137.0555555555556,4008,80.027777777779,39.972222222222854
1,675,120.30555555555557,4026,85.52777777777912,37.444444444445004
1,676,113.97222222222221,4026,107.1388888888908,39.11111111111172
1,677,158.66666666666669,4026,89.52777777777924,42.16666666666736
1,678,142.63888888888894,4026,91.19444444444596,40.36111111111174
1,679,131.5,4026,82.02777777777905,42.305555555556246
1,680,123.6111111111111,4026,105.6944444444463,37.00000000000055
1,681,136.44444444444446,4026,62.77777777777855,50.250000000000924
1,682,137.11111111111111,4026,85.33333333333468,42.861111111111825
1,683,156.00000000000009,4026,78.83333333333451,41.36111111111178
1,684,161.27777777777789,4026,100.47222222222396,40.72222222222285
1,685,148.50000000000003,4026,100.30555555555729,40.750000000000654
1,686,147.77777777777786,4026,88.44444444444588,40.86111111111176
1,687,148.61111111111111,4026,87.30555555555696,41.16666666666733
1,688,137.0555555555556,4026,94.83333333333492,40.52777777777838
1,689,138.8333333333334,4026,74.13888888888995,45.25000000000078
1,690,143.97222222222226,4026,94.30555555555715,40.805555555556204
1,691,130.36111111111114,4026,117.25000000000217,34.22222222222269
1,692,148.5277777777778,4026,95.83333333333496,39.11111111111172
1,693,152.30555555555563,4026,96.47222222222386,41.4722222222229
1,694,133.02777777777789,4026,83.2500000000013,37.72222222222279
1,695,163.1666666666667,4026,97.38888888889056,40.83333333333399
1,696,147.47222222222223,4026,98.6111111111128,35.888888888889404
1,697,152.72222222222226,4026,104.27777777777962,36.33333333333385
1,698,168.11111111111123,4026,91.94444444444598,43.86111111111184
1,699,155.9722222222223,4026,94.61111111111269,39.63888888888951
1,700,153.05555555555557,4026,92.47222222222375,39.777777777778375
1,701,173.36111111111123,4026,99.61111111111283,39.555555555556175
1,702,135.5277777777778,4026,82.80555555555685,43.694444444445175
1,703,157.33333333333334,4026,88.4166666666681,42.80555555555627
1,704,155.38888888888894,4026,97.63888888889056,38.91666666666726
1,705,156.30555555555566,4026,88.4166666666681,42.86111111111182
1,706,125.00000000000001,4026,98.36111111111279,37.11111111111166
1,707,122.94444444444447,4026,100.38888888889063,35.02777777777827
1,708,154.2222222222222,4026,109.94444444444642,38.388888888889475
1,709,179.08333333333348,4026,105.86111111111298,41.77777777777844
1,710,151.3611111111111,4026,103.02777777777959,39.861111111111725
1,711,139.50000000000003,4026,97.22222222222386,37.30555555555608
1,712,152.11111111111114,4026,115.30555555555767,34.722222222222705
1,713,151.91666666666669,4026,76.72222222222335,47.38888888888973
1,714,148.97222222222226,4026,61.63888888888963,53.777777777778795
1,715,149.2222222222222,4026,112.94444444444649,35.72222222222273
1,716,151.1944444444445,4026,95.41666666666828,40.47222222222286
1,717,143.9722222222222,4026,77.08333333333448,46.80555555555638
1,718,158.41666666666674,4026,88.88888888889032,38.36111111111169
1,719,163.08333333333337,4026,80.58333333333456,45.80555555555635
1,720,130.94444444444446,4026,83.94444444444576,44.000000000000746
1,721,139.13888888888889,4026,112.47222222222426,30.72222222222259
1,722,150.63888888888897,4026,121.9444444444467,28.77777777777809
1,723,158.69444444444446,4026,104.3055555555574,40.527777777778425
1,724,164.50000000000009,4026,82.44444444444572,43.94444444444519
1,725,171.83333333333343,4026,101.3055555555573,38.66666666666726
1,726,145.9722222222222,4026,102.77777777777956,38.44444444444503
1,727,161.63888888888886,4026,84.86111111111244,41.75000000000065
1,728,148.2222222222222,4026,82.97222222222352,41.16666666666732
1,729,156.80555555555557,4026,77.52777777777892,47.722222222223074
1,730,145.05555555555554,4026,96.13888888889052,42.02777777777847
1,731,163.75000000000006,4026,88.94444444444588,41.111111111111775
1,732,160.50000000000003,4026,94.16666666666825,42.666666666667375
1,733,179.72222222222234,4026,86.55555555555694,40.527777777778425
1,734,171.6388888888889,4026,91.05555555555706,42.61111111111182
1,735,137.50000000000009,4026,65.50000000000085,51.66666666666763
1,736,143.33333333333334,4026,82.25000000000126,44.33333333333409
1,737,161.6944444444445,4026,110.22222222222422,37.638888888889454
1,738,152.9444444444445,4026,89.9444444444459,44.19444444444517
1,739,167.05555555555563,4026,101.44444444444622,41.36111111111178
1,740,162.80555555555566,4026,100.1666666666684,40.08333333333396
1,741,146.75000000000006,4026,90.05555555555704,47.11111111111194
1,742,139.0,4026,79.77777777777898,48.58333333333421
1,743,158.52777777777783,4026,59.13888888888956,51.61111111111207
1,744,137.52777777777783,4026,74.63888888888998,50.44444444444537
1,745,122.91666666666667,4026,72.47222222222325,50.500000000000924
1,746,132.30555555555557,4026,85.13888888889024,46.166666666667474
1,747,134.41666666666669,4026,94.44444444444603,44.916666666667425
1,748,166.38888888888897,4026,75.1111111111122,47.888888888889745
1,749,163.08333333333343,4026,80.38888888889012,43.55555555555629
1,750,160.25000000000014,4026,68.50000000000092,48.888888888889774
1,751,143.3888888888889,4026,107.44444444444638,40.36111111111175
1,752,120.55555555555553,4026,79.91666666666788,47.9166666666675
1,753,145.00000000000006,4026,80.52777777777901,45.583333333334124
1,754,146.88888888888894,4026,87.8888888888903,42.33333333333403
1,755,165.94444444444446,4026,80.6666666666679,44.66666666666741
1,756,144.5833333333334,4026,71.08333333333432,49.41666666666752
1,757,163.41666666666669,4026,88.22222222222365,44.66666666666742
1,758,152.61111111111111,4026,62.63888888888966,50.97222222222317
1,759,168.47222222222229,4026,81.08333333333458,47.66666666666752
1,760,181.05555555555574,4026,86.3333333333347,42.72222222222293
1,761,152.24999999999994,4026,86.50000000000138,44.75000000000075
1,762,153.77777777777783,4026,71.19444444444544,49.361111111112
1,763,172.86111111111128,4026,89.72222222222369,42.61111111111182
1,764,162.44444444444449,4026,87.72222222222364,46.83333333333416
1,765,157.27777777777783,4026,70.0833333333343,48.58333333333421
1,766,155.66666666666669,4026,88.83333333333476,43.250000000000725
1,767,170.05555555555566,4026,59.77777777777847,54.083333333334366
1,768,163.75000000000003,4026,83.30555555555686,48.44444444444532
1,769,139.63888888888897,4026,86.00000000000138,42.77777777777846
1,770,149.27777777777783,4026,66.7222222222231,47.750000000000824
1,771,167.94444444444454,4026,111.11111111111313,39.750000000000625
1,772,157.38888888888894,4026,85.27777777777914,46.388888888889696
1,773,150.16666666666663,4026,98.44444444444613,44.16666666666742
1,774,155.22222222222229,4026,64.83333333333417,50.77777777777871
1,775,150.08333333333334,4026,89.88888888889036,41.61111111111179
1,776,179.52777777777789,4026,79.27777777777897,47.05555555555639
1,777,161.0277777777778,4026,105.94444444444632,34.72222222222268
1,778,177.0833333333334,4026,62.47222222222299,52.38888888888984
1,779,169.72222222222226,4026,92.58333333333488,41.63888888888956
1,780,173.75000000000017,4026,63.66666666666747,48.44444444444532
1,781,160.3333333333334,4026,60.94444444444517,54.83333333333439
1,782,163.69444444444443,4026,60.08333333333403,51.02777777777871
1,783,171.5277777777778,4026,68.11111111111202,51.388888888889845
1,784,147.69444444444443,4026,54.611111111111654,53.22222222222323
1,785,176.08333333333343,4026,75.66666666666778,49.444444444445345
1,786,150.3611111111111,4026,90.38888888889036,43.5277777777785
1,787,174.91666666666669,4026,85.94444444444582,46.61111111111193
1,788,132.9166666666667,4026,74.88888888888997,47.66666666666752
1,789,173.83333333333331,4026,82.58333333333462,43.9166666666674
1,790,164.1944444444445,4026,70.8611111111121,49.638888888889774
1,791,166.97222222222234,4026,87.8888888888903,45.41666666666745
1,792,158.27777777777789,4026,92.05555555555708,42.50000000000068
1,793,160.22222222222229,4026,105.36111111111298,40.027777777778404
1,794,180.22222222222237,4026,100.1666666666684,45.55555555555634
1,795,162.3333333333333,4026,93.63888888889046,41.94444444444513
1,796,173.0833333333334,4086,105.77777777777966,41.25000000000067
1,797,159.38888888888886,4086,69.22222222222317,52.00000000000097
1,798,151.8611111111111,4086,67.94444444444535,48.94444444444533
1,799,165.1944444444444,4086,95.00000000000159,42.41666666666737
1,800,163.08333333333331,4356,78.66666666666785,44.55555555555632
1,801,149.7777777777778,4740,86.27777777777915,45.83333333333411
1,802,190.80555555555569,4818,78.77777777777897,47.30555555555638
1,803,161.80555555555554,4818,91.97222222222375,41.19444444444511
1,804,147.30555555555566,4932,98.80555555555726,42.5000000000007
1,805,170.6111111111111,5058,89.6944444444459,43.444444444445175
1,806,155.11111111111111,5292,83.72222222222354,46.27777777777859
1,807,142.83333333333337,5334,84.27777777777911,47.63888888888974
1,808,172.9444444444444,5334,69.47222222222317,50.250000000000924
1,809,166.5555555555556,5334,57.86111111111175,49.38888888888979
1,810,165.30555555555554,5334,85.66666666666801,46.19444444444525
1,811,173.6388888888889,5334,72.4166666666677,48.44444444444531
1,812,140.55555555555557,5346,67.33333333333422,51.000000000000945
1,813,161.41666666666669,5346,65.55555555555641,50.77777777777872
1,814,163.19444444444443,5346,82.52777777777906,48.972222222223095
1,815,158.91666666666677,5346,91.38888888889039,45.19444444444522
1,816,146.86111111111114,5406,78.11111111111228,47.69444444444527
1,817,152.47222222222226,5412,72.83333333333437,49.861111111112
1,818,163.5000000000001,5784,100.25000000000172,41.63888888888957
1,819,155.94444444444446,5790,72.0277777777788,49.55555555555646
1,820,148.97222222222223,5790,63.58333333333413,51.50000000000096
1,821,159.11111111111117,5790,86.44444444444582,44.75000000000077
1,822,179.69444444444449,5790,95.47222222222383,43.027777777778475
1,823,154.36111111111117,5856,77.91666666666784,48.66666666666754
1,824,169.91666666666666,5856,77.11111111111225,46.05555555555636
1,825,150.05555555555566,5982,61.50000000000074,51.777777777778745
1,826,141.38888888888894,5982,76.6666666666678,45.05555555555633
1,827,165.08333333333334,5988,76.11111111111224,48.25000000000087
1,828,161.0277777777778,5988,94.55555555555715,43.25000000000072
1,829,163.11111111111117,5988,89.66666666666814,44.000000000000746
1,830,179.3611111111112,5994,75.16666666666777,51.11111111111206
1,831,174.41666666666674,5994,75.41666666666777,52.86111111111211
1,832,163.47222222222229,5994,71.3611111111121,49.666666666667574
1,833,156.36111111111123,5994,87.44444444444586,44.22222222222297
1,834,175.5833333333334,5994,96.66666666666832,49.02777777777867
1,835,193.27777777777789,5994,75.94444444444557,52.527777777778766
1,836,166.16666666666669,5994,94.94444444444605,47.50000000000083
1,837,165.4444444444445,5994,70.58333333333431,55.7222222222233
1,838,172.6388888888889,5994,71.58333333333434,56.33333333333442
1,839,161.44444444444449,5994,77.80555555555672,51.250000000000945
1,840,172.86111111111117,6012,86.58333333333474,53.222222222223216
1,841,173.00000000000003,6030,82.27777777777905,49.972222222223124
1,842,182.36111111111117,6060,71.6388888888899,53.250000000001
1,843,162.00000000000006,6084,76.05555555555667,53.27777777777879
1,844,161.2777777777778,6102,60.583333333334046,58.0555555555567
1,845,168.86111111111106,6108,90.94444444444595,51.25000000000095
1,846,167.4166666666667,6108,80.27777777777901,51.80555555555652
1,847,171.75,6114,86.50000000000139,50.77777777777872
1,848,182.9722222222223,6114,92.13888888889042,49.69444444444535
1,849,162.77777777777789,6114,86.97222222222362,51.33333333333429
1,850,177.8333333333334,6114,87.13888888889029,49.5000000000009
1,851,164.38888888888897,6114,97.75000000000168,48.861111111111995
1,852,166.9444444444445,6114,67.72222222222312,53.44444444444546
1,853,167.1666666666667,6114,56.61111111111171,60.27777777777899
1,854,164.38888888888894,6114,90.91666666666818,48.055555555556396
1,855,157.83333333333337,6114,93.5833333333349,48.41666666666754
1,856,182.52777777777783,6114,59.94444444444514,61.13888888889012
1,857,172.44444444444449,6114,92.69444444444599,48.361111111111974
1,858,167.52777777777777,6114,80.05555555555678,51.50000000000096
1,859,158.1666666666667,6114,92.13888888889042,50.75000000000094
1,860,171.9166666666667,6114,77.88888888889007,55.00000000000106
1,861,157.4722222222223,6114,99.55555555555729,48.55555555555642
1,862,173.30555555555566,6114,82.16666666666795,53.722222222223245
1,863,165.47222222222226,6114,83.80555555555688,52.33333333333431
1,864,162.25000000000003,6114,93.69444444444602,48.61111111111197
1,865,178.19444444444446,6114,61.555555555556296,59.6111111111123
1,866,177.75000000000014,6114,55.7222222222228,58.000000000001144
1,867,179.11111111111114,6114,57.305555555556175,59.00000000000117
1,868,180.8611111111112,6114,62.08333333333409,56.22222222222331
1,869,170.7500000000001,6126,74.44444444444552,52.38888888888986
1,870,185.61111111111114,6150,72.33333333333435,55.88888888888997
1,871,176.91666666666669,6150,79.91666666666788,50.38888888888981
1,872,163.33333333333337,6156,83.22222222222352,52.88888888888988
1,873,166.33333333333334,6216,94.77777777777938,47.88888888888973
1,874,150.30555555555566,6216,60.416666666667375,57.75000000000114
1,875,180.77777777777786,6216,61.66666666666741,58.47222222222336
1,876,170.58333333333337,6228,96.5555555555572,48.36111111111198
1,877,170.05555555555563,6246,77.25000000000115,50.50000000000093
1,878,141.77777777777789,6282,57.2777777777784,59.472222222223365
1,879,181.27777777777783,6342,79.19444444444564,50.805555555556474
1,880,181.7777777777779,6348,68.61111111111204,56.94444444444556
1,881,174.38888888888897,6366,63.47222222222302,55.55555555555663
1,882,161.72222222222223,6372,65.08333333333417,56.05555555555664
1,883,188.69444444444449,6372,52.33333333333381,60.91666666666788
1,884,147.80555555555554,6372,68.69444444444538,56.94444444444556
1,885,148.22222222222217,6372,50.333333333333755,62.22222222222348
1,886,183.1111111111112,6372,72.22222222222324,54.750000000001016
1,887,171.05555555555563,6444,53.75000000000052,57.50000000000108
1,888,162.4444444444445,6456,74.33333333333441,53.50000000000101
1,889,179.52777777777789,6570,68.61111111111204,58.0555555555567
1,890,176.4444444444445,6582,55.80555555555613,58.52777777777894
1,891,162.50000000000006,6582,71.30555555555655,54.80555555555659
1,892,182.83333333333337,6594,72.33333333333435,56.47222222222332
1,893,171.7777777777777,6612,71.000000000001,54.361111111112145
1,894,164.83333333333331,6612,74.00000000000107,53.138888888889895
1,895,164.72222222222229,6612,69.94444444444541,56.38888888888999
1,896,183.638888888889,6612,73.00000000000104,55.30555555555661
1,897,154.08333333333334,6660,66.16666666666754,54.9444444444455
1,898,164.6388888888889,6660,73.86111111111217,54.666666666667716
1,899,157.80555555555563,6660,69.0555555555565,57.86111111111225
1,900,143.4166666666667,6660,45.41666666666695,63.72222222222351
1,901,168.08333333333343,6660,77.30555555555671,54.666666666667716
1,902,145.8333333333334,6660,75.63888888889,53.722222222223245
1,903,147.83333333333343,6660,81.02777777777902,53.61111111111213
1,904,199.61111111111114,6660,68.44444444444537,55.333333333334394
1,905,168.44444444444457,6660,81.02777777777902,53.08333333333434
1,906,170.0000000000001,6660,72.4166666666677,50.94444444444538
1,907,161.91666666666669,6660,83.41666666666798,49.861111111111974
1,908,168.58333333333331,6792,83.36111111111242,53.000000000001
1,909,199.41666666666674,6792,60.13888888888959,59.11111111111229
1,910,163.8055555555556,6792,81.02777777777902,52.361111111112095
1,911,171.0277777777779,6792,66.50000000000088,56.250000000001094
1,912,171.94444444444449,6792,61.972222222222975,56.5000000000011
1,913,153.25000000000003,6792,86.75000000000139,51.13888888888982
1,914,158.47222222222229,6792,60.000000000000696,57.36111111111224
1,915,169.66666666666666,6792,81.5833333333346,52.555555555556545
1,916,177.25000000000003,6792,0.0,83.33333333333519
1,917,156.77777777777777,6846,0.0,83.33333333333519
1,918,182.61111111111123,8010,0.0,132.7777777777796
1,919,195.19444444444446,8796,1.5833333333333335,123.38888888889122
1,920,195.08333333333348,8814,0.19444444444444442,159.0277777777797
1,921,194.7777777777779,8814,0.0,156.97222222222413
1,922,191.55555555555566,8826,0.0,156.08333333333522
1,923,201.91666666666674,8826,0.0,158.13888888889062
1,924,187.91666666666674,8826,0.0,152.0277777777798
1,925,186.00000000000003,8826,0.0,153.55555555555713
1,926,195.52777777777777,8826,0.0,153.33333333333513
1,927,208.0555555555556,8826,0.0,148.6944444444462
1,928,182.02777777777789,8826,0.0,155.00000000000176
1,929,177.30555555555554,8826,0.0,153.5833333333353
1,930,176.94444444444446,8850,0.0,149.47222222222393
1,931,202.25000000000006,8850,0.0,166.25000000000196
1,932,197.63888888888886,8850,0.0,165.41666666666848
1,933,195.1388888888889,8850,0.0,165.41666666666873
1,934,194.30555555555566,8850,0.0,167.69444444444645
1,935,190.33333333333331,8850,0.0,164.88888888889073
1,936,182.47222222222223,8850,0.0,168.3055555555574
1,937,206.66666666666674,8856,0.0,167.75000000000213
1,938,185.8333333333334,8856,0.0,168.19444444444622
1,939,199.80555555555554,8856,0.0,165.75000000000188
1,940,193.91666666666669,8868,0.0,165.63888888889093
1,941,206.50000000000017,8898,0.0,164.66666666666836
1,942,202.88888888888897,8934,0.0,165.7500000000016
1,943,218.61111111111126,8934,0.0,163.9722222222239
1,944,188.9722222222223,8934,0.0,165.08333333333496
1,945,199.1944444444445,8934,0.0,164.3888888888906
1,946,188.05555555555563,8934,0.0,163.75000000000176
1,947,205.7222222222222,8934,0.0,167.77777777777953
1,948,172.77777777777786,8934,0.0,165.9166666666686
1,949,189.3888888888889,8934,0.0,165.3888888888905
1,950,197.97222222222226,8934,0.0,164.83333333333508
1,951,190.55555555555563,8934,0.0,164.6666666666684
1,952,192.30555555555563,8934,0.0,167.80555555555722
1,953,169.4722222222223,8934,0.0,167.47222222222425
1,954,190.5833333333334,8934,0.0,164.22222222222408
1,955,185.6388888888889,8946,0.0,166.02777777777936
1,956,182.30555555555551,8970,0.0,169.38888888889065
1,957,179.63888888888889,9030,0.0,167.02777777777936
1,958,185.47222222222223,9030,0.0,167.72222222222425
1,959,190.19444444444457,9030,0.0,167.77777777777942
1,960,179.61111111111111,9030,0.0,162.88888888889102
1,961,185.47222222222229,9030,0.0,163.66666666666836
1,962,211.52777777777783,9030,0.0,168.05555555555736
1,963,197.74999999999997,9030,0.0,165.83333333333505
1,964,185.69444444444446,9030,0.0,163.83333333333528
1,965,205.72222222222237,9030,0.0,166.083333333335
1,966,205.19444444444454,9030,0.0,165.66666666666845
1,967,171.08333333333334,9048,0.0,166.80555555555716
1,968,193.63888888888897,9054,0.0,167.6388888888907
1,969,179.36111111111117,9084,0.0,164.83333333333513
1,970,180.3611111111112,9108,0.0,165.02777777777968
1,971,199.38888888888897,9108,0.0,168.72222222222413
1,972,211.36111111111114,9108,0.0,165.4166666666686
1,973,191.69444444444454,9108,0.0,165.66666666666833
1,974,174.50000000000003,9108,0.0,165.7500000000016
1,975,196.16666666666674,9108,0.0,166.6111111111128
1,976,181.72222222222226,9108,0.0,165.97222222222422
1,977,182.38888888888889,9108,0.0,165.38888888889073
1,978,184.69444444444443,9108,0.0,166.19444444444616
1,979,195.00000000000006,9108,0.0,165.83333333333508
1,980,193.72222222222226,9108,0.0,165.80555555555728
1,981,191.02777777777783,9108,0.0,166.72222222222388
1,982,192.19444444444446,9108,0.0,165.9722222222239
1,983,199.55555555555557,9120,0.0,194.44444444444377
1,984,208.08333333333348,9120,0.0,194.44444444444377
1,985,210.4722222222223,9120,0.0,194.44444444444377
1,986,191.24999999999997,9120,0.0,194.44444444444377
1,987,206.94444444444454,9156,0.0,194.44444444444377
1,988,201.27777777777786,9156,0.0,194.44444444444377
1,989,191.9722222222223,9156,0.0,194.44444444444377
1,990,209.47222222222229,9156,0.0,194.44444444444377
1,991,223.69444444444463,9156,0.0,194.44444444444377
1,992,207.02777777777794,9156,0.0,194.44444444444377
1,993,203.2500000000001,9156,0.0,194.44444444444377
1,994,205.55555555555563,9156,0.0,194.44444444444377
1,995,199.13888888888897,9210,0.0,194.44444444444377
1,996,206.3055555555557,9228,0.0,194.44444444444377
1,997,207.44444444444446,9228,0.0,194.44444444444377
1,998,215.77777777777783,9228,0.0,194.44444444444377
1,999,198.22222222222229,9228,0.0,194.44444444444377
1,1000,182.97222222222223,9252,0.0,194.44444444444377
