agentid,step,ExpectedQvalue,CumulativeReward
0,1,35.86111111111111,0
0,2,39.16666666666668,0
0,3,34.49999999999999,6
0,4,33.611111111111114,6
0,5,40.138888888888886,6
0,6,32.30555555555558,6
0,7,36.27777777777778,12
0,8,35.33333333333334,18
0,9,37.86111111111114,18
0,10,33.94444444444444,18
0,11,38.19444444444444,18
0,12,39.16666666666667,18
0,13,37.66666666666668,30
0,14,39.083333333333336,30
0,15,40.49999999999999,30
0,16,41.25000000000001,30
0,17,35.277777777777764,30
0,18,34.61111111111112,30
0,19,35.77777777777778,30
0,20,37.972222222222214,30
0,21,37.41666666666669,30
0,22,35.666666666666686,30
0,23,41.111111111111114,30
0,24,36.36111111111113,30
0,25,41.388888888888886,36
0,26,42.05555555555558,66
0,27,36.74999999999999,84
0,28,42.27777777777779,84
0,29,36.00000000000001,84
0,30,37.83333333333334,84
0,31,40.86111111111112,84
0,32,36.08333333333335,84
0,33,44.11111111111113,84
0,34,39.666666666666664,84
0,35,43.00000000000001,84
0,36,44.500000000000014,84
0,37,39.694444444444436,84
0,38,42.33333333333333,84
0,39,41.02777777777778,84
0,40,38.86111111111111,84
0,41,38.41666666666671,84
0,42,45.52777777777779,84
0,43,42.111111111111114,84
0,44,41.63888888888888,102
0,45,39.972222222222214,102
0,46,34.77777777777778,102
0,47,46.472222222222236,108
0,48,42.16666666666666,126
0,49,45.08333333333334,126
0,50,46.638888888888886,126
0,51,46.38888888888889,126
0,52,42.750000000000014,126
0,53,43.05555555555556,126
0,54,44.3888888888889,126
0,55,45.58333333333335,126
0,56,40.94444444444445,126
0,57,41.5,126
0,58,43.666666666666664,144
0,59,44.63888888888892,150
0,60,44.22222222222223,150
0,61,36.49999999999999,162
0,62,51.055555555555564,234
0,63,52.19444444444445,252
0,64,51.22222222222225,252
0,65,48.333333333333336,252
0,66,50.41666666666667,252
0,67,54.36111111111113,270
0,68,56.47222222222223,270
0,69,51.94444444444448,270
0,70,57.22222222222221,270
0,71,54.583333333333336,270
0,72,50.91666666666668,270
0,73,52.777777777777786,270
0,74,51.5277777777778,270
0,75,49.611111111111136,270
0,76,53.944444444444436,318
0,77,58.08333333333334,336
0,78,41.77777777777779,336
0,79,56.83333333333333,378
0,80,53.3888888888889,390
0,81,57.80555555555556,390
0,82,65.08333333333334,396
0,83,50.083333333333336,396
0,84,58.361111111111136,396
0,85,59.694444444444485,396
0,86,59.6388888888889,396
0,87,60.749999999999986,396
0,88,49.44444444444445,408
0,89,62.91666666666667,408
0,90,56.33333333333332,408
0,91,56.69444444444446,408
0,92,54.72222222222222,408
0,93,65.94444444444446,408
0,94,57.75,408
0,95,60.472222222222214,432
0,96,62.361111111111114,438
0,97,52.222222222222236,438
0,98,63.472222222222236,438
0,99,58.19444444444446,438
0,100,55.22222222222224,438
0,101,59.30555555555557,444
0,102,73.5277777777778,468
0,103,65.05555555555554,468
0,104,59.33333333333334,468
0,105,64.80555555555559,468
0,106,61.44444444444446,474
0,107,62.80555555555557,480
0,108,62.88888888888889,480
0,109,69.47222222222223,480
0,110,72.33333333333333,486
0,111,66.94444444444443,486
0,112,58.250000000000014,486
0,113,66.27777777777777,486
0,114,61.19444444444444,492
0,115,58.66666666666668,492
0,116,68.08333333333334,492
0,117,60.555555555555586,492
0,118,65.16666666666667,498
0,119,64.55555555555557,498
0,120,63.94444444444445,498
0,121,68.11111111111114,498
0,122,62.555555555555564,498
0,123,66.66666666666664,504
0,124,69.08333333333336,504
0,125,68.61111111111111,504
0,126,74.5,504
0,127,74.02777777777777,504
0,128,75.16666666666666,504
0,129,72.9722222222222,504
0,130,81.69444444444444,504
0,131,81.30555555555554,504
0,132,70.05555555555553,504
0,133,77.94444444444441,504
0,134,69.80555555555556,504
0,135,84.36111111111109,504
0,136,69.02777777777779,504
0,137,71.44444444444443,504
0,138,74.22222222222223,504
0,139,63.75000000000003,504
0,140,74.05555555555556,504
0,141,61.13888888888891,504
0,142,81.94444444444446,504
0,143,70.05555555555554,504
0,144,72.50000000000001,504
0,145,71.88888888888887,504
0,146,69.13888888888889,504
0,147,72.58333333333336,504
0,148,67.80555555555557,504
0,149,71.97222222222223,504
0,150,73.27777777777777,504
0,151,73.77777777777774,504
0,152,85.91666666666669,504
0,153,65.41666666666667,504
0,154,70.58333333333334,504
0,155,71.0,504
0,156,74.5,504
0,157,79.52777777777776,504
0,158,70.91666666666667,504
0,159,74.47222222222229,504
0,160,62.72222222222226,504
0,161,75.38888888888889,504
0,162,73.94444444444443,504
0,163,70.25,504
0,164,67.08333333333331,504
0,165,82.38888888888886,504
0,166,79.91666666666669,504
0,167,78.11111111111113,504
0,168,75.05555555555554,504
0,169,74.08333333333334,504
0,170,80.83333333333334,504
0,171,87.44444444444441,582
0,172,89.36111111111111,654
0,173,76.80555555555556,654
0,174,77.5833333333333,654
0,175,78.22222222222223,654
0,176,71.41666666666669,738
0,177,83.5277777777778,738
0,178,79.27777777777779,738
0,179,86.91666666666669,762
0,180,80.25,762
0,181,77.47222222222221,768
0,182,96.86111111111107,768
0,183,80.27777777777774,774
0,184,83.77777777777779,774
0,185,86.08333333333331,774
0,186,85.05555555555557,774
0,187,77.08333333333333,774
0,188,82.05555555555553,816
0,189,85.44444444444441,864
0,190,80.91666666666666,864
0,191,77.47222222222227,864
0,192,91.61111111111106,864
0,193,84.1388888888889,864
0,194,82.13888888888887,864
0,195,81.52777777777777,870
0,196,69.16666666666664,876
0,197,85.02777777777779,876
0,198,77.0,876
0,199,83.52777777777779,876
0,200,78.30555555555557,882
0,201,89.36111111111109,930
0,202,88.30555555555556,930
0,203,86.63888888888889,930
0,204,82.22222222222224,930
0,205,86.75,930
0,206,109.25000000000004,930
0,207,91.11111111111111,930
0,208,91.91666666666667,930
0,209,91.83333333333336,930
0,210,82.44444444444447,930
0,211,87.36111111111111,930
0,212,93.25,930
0,213,89.91666666666667,984
0,214,102.97222222222223,1056
0,215,102.61111111111116,1080
0,216,100.50000000000001,1080
0,217,103.86111111111109,1086
0,218,101.80555555555556,1086
0,219,90.99999999999999,1092
0,220,94.97222222222224,1092
0,221,104.11111111111113,1098
0,222,102.6666666666667,1122
0,223,98.83333333333333,1338
0,224,99.1388888888889,1362
0,225,116.77777777777777,1362
0,226,110.63888888888886,1362
0,227,114.58333333333331,1368
0,228,95.74999999999997,1368
0,229,104.69444444444443,1380
0,230,98.19444444444444,1392
0,231,100.8888888888889,1392
0,232,106.1388888888889,1416
0,233,101.66666666666673,1416
0,234,99.72222222222223,1416
0,235,98.19444444444443,1416
0,236,97.49999999999997,1446
0,237,96.5,1464
0,238,117.88888888888887,1464
0,239,120.8055555555555,1464
0,240,98.86111111111111,1482
0,241,105.66666666666667,1482
0,242,120.22222222222224,1494
0,243,110.52777777777777,1506
0,244,113.36111111111114,1506
0,245,101.63888888888887,1506
0,246,117.44444444444451,1506
0,247,138.75000000000003,1512
0,248,111.88888888888887,1512
0,249,123.19444444444446,1518
0,250,104.80555555555557,1518
0,251,121.05555555555556,1518
0,252,130.00000000000003,1518
0,253,111.86111111111109,1518
0,254,124.61111111111111,1518
0,255,105.80555555555556,1518
0,256,114.86111111111109,1518
0,257,125.38888888888887,1518
0,258,132.69444444444449,1518
0,259,97.2777777777778,1518
0,260,111.5,1518
0,261,123.1111111111111,1518
0,262,114.66666666666663,1518
0,263,115.80555555555557,1518
0,264,127.55555555555553,1518
0,265,117.69444444444446,1518
0,266,129.4166666666667,1518
0,267,118.63888888888889,1518
0,268,130.30555555555554,1518
0,269,124.00000000000003,1518
0,270,112.11111111111113,1908
0,271,137.44444444444443,1908
0,272,134.69444444444443,1908
0,273,143.36111111111111,1908
0,274,129.8888888888889,1908
0,275,129.47222222222217,1908
0,276,150.91666666666674,1908
0,277,129.36111111111111,1908
0,278,128.16666666666674,1908
0,279,127.38888888888889,1908
0,280,155.97222222222229,1908
0,281,128.63888888888883,1908
0,282,152.58333333333337,1908
0,283,136.02777777777774,1908
0,284,149.58333333333326,1908
0,285,161.52777777777774,1908
0,286,152.36111111111111,1908
0,287,134.77777777777777,1908
0,288,132.25,1908
0,289,140.1111111111111,1908
0,290,140.63888888888886,1908
0,291,146.8888888888889,1908
0,292,144.16666666666666,1908
0,293,129.8888888888889,1908
0,294,153.41666666666666,1908
0,295,135.47222222222217,1908
0,296,144.08333333333334,1908
0,297,128.6111111111111,1908
0,298,139.77777777777774,1908
0,299,150.36111111111114,1908
0,300,150.30555555555563,1908
0,301,153.83333333333331,1908
0,302,155.02777777777777,1908
0,303,139.91666666666666,1908
0,304,135.7777777777778,1908
0,305,150.11111111111117,1908
0,306,135.91666666666666,1908
0,307,146.47222222222226,1908
0,308,133.88888888888889,2208
0,309,140.7777777777778,2400
0,310,138.47222222222229,2400
0,311,132.75000000000003,2400
0,312,144.69444444444437,2400
0,313,150.02777777777783,2400
0,314,150.52777777777777,2400
0,315,150.25000000000009,2406
0,316,146.8055555555556,2406
0,317,150.05555555555554,2406
0,318,149.4166666666667,2406
0,319,151.55555555555554,2406
0,320,145.69444444444437,2406
0,321,151.13888888888889,2406
0,322,142.8055555555555,2406
0,323,155.52777777777783,2406
0,324,144.25000000000003,2406
0,325,142.22222222222226,2406
0,326,143.58333333333334,2406
0,327,137.86111111111106,2406
0,328,150.19444444444446,2406
0,329,155.16666666666663,2406
0,330,147.74999999999997,2406
0,331,148.30555555555557,2406
0,332,150.74999999999997,2406
0,333,147.41666666666666,2406
0,334,158.05555555555563,2406
0,335,169.86111111111106,2466
0,336,147.02777777777777,2466
0,337,132.4722222222222,2466
0,338,145.69444444444446,2466
0,339,141.80555555555557,2466
0,340,161.41666666666669,2466
0,341,158.66666666666669,2466
0,342,156.36111111111114,2466
0,343,143.9722222222222,2466
0,344,147.24999999999994,2466
0,345,139.22222222222226,2466
0,346,154.3888888888889,2466
0,347,151.77777777777774,2466
0,348,140.38888888888889,2466
0,349,153.72222222222226,2466
0,350,163.55555555555554,2466
0,351,146.58333333333334,2466
0,352,157.44444444444446,2466
0,353,145.08333333333334,2466
0,354,147.8611111111111,2466
0,355,146.5277777777778,2466
0,356,139.0555555555556,2466
0,357,155.13888888888894,2466
0,358,152.88888888888889,2466
0,359,140.05555555555554,2466
0,360,157.94444444444446,2466
0,361,147.19444444444449,2466
0,362,164.8888888888889,2466
0,363,153.86111111111114,2466
0,364,153.80555555555563,2466
0,365,153.9722222222222,2508
0,366,150.5,2508
0,367,147.6666666666667,2508
0,368,144.19444444444446,2514
0,369,145.97222222222226,2544
0,370,154.0833333333333,2544
0,371,152.11111111111117,2544
0,372,151.80555555555557,2562
0,373,154.22222222222226,2568
0,374,156.66666666666674,2568
0,375,165.02777777777777,2568
0,376,148.4444444444444,2568
0,377,171.88888888888886,2568
0,378,161.30555555555557,2568
0,379,169.3333333333333,2568
0,380,167.3611111111111,2568
0,381,163.88888888888883,2574
0,382,170.58333333333337,2598
0,383,158.5833333333333,2598
0,384,172.77777777777771,2598
0,385,176.9166666666667,2598
0,386,159.6111111111111,2598
0,387,174.25,2598
0,388,169.08333333333326,2598
0,389,165.05555555555551,2598
0,390,164.41666666666669,2598
0,391,177.3055555555556,2598
0,392,149.9722222222222,2598
0,393,165.0555555555555,2598
0,394,159.9722222222222,2598
0,395,171.55555555555554,2598
0,396,169.83333333333334,2598
0,397,166.49999999999994,2598
0,398,167.38888888888894,2634
0,399,163.36111111111111,2688
0,400,160.58333333333334,2688
0,401,175.38888888888886,2694
0,402,183.4722222222223,2694
0,403,180.16666666666663,2694
0,404,173.69444444444449,2694
0,405,172.8333333333334,2694
0,406,167.6944444444445,2694
0,407,158.2777777777778,2742
0,408,175.61111111111106,2742
0,409,178.38888888888897,2742
0,410,175.1666666666667,2742
0,411,176.49999999999997,2748
0,412,165.63888888888889,2748
0,413,166.19444444444454,2760
0,414,174.02777777777774,2790
0,415,165.08333333333334,2802
0,416,171.13888888888894,2802
0,417,166.83333333333334,2802
0,418,173.7222222222222,2808
0,419,185.94444444444443,2808
0,420,205.0833333333333,2814
0,421,205.88888888888889,2814
0,422,196.49999999999997,2838
0,423,188.44444444444446,2838
0,424,189.69444444444434,2838
0,425,194.1388888888889,2844
0,426,190.11111111111117,2844
0,427,176.3333333333333,2844
0,428,206.25000000000003,2844
0,429,194.27777777777774,2844
0,430,204.7222222222222,2844
0,431,178.55555555555557,2844
0,432,192.63888888888886,2844
0,433,202.86111111111117,2880
0,434,202.7499999999999,2892
0,435,189.47222222222223,2928
0,436,199.8888888888889,2994
0,437,189.61111111111117,2994
0,438,211.99999999999994,2994
0,439,208.1944444444445,2994
0,440,195.13888888888883,2994
0,441,201.00000000000006,2994
0,442,194.94444444444437,2994
0,443,219.80555555555554,2994
0,444,206.88888888888883,2994
0,445,187.97222222222226,2994
0,446,183.80555555555554,2994
0,447,189.9444444444444,2994
0,448,209.1111111111111,2994
0,449,204.83333333333334,2994
0,450,202.00000000000006,2994
0,451,179.6944444444445,2994
0,452,196.8611111111111,2994
0,453,201.1944444444444,2994
0,454,198.91666666666669,2994
0,455,198.99999999999991,2994
0,456,216.97222222222226,2994
0,457,204.36111111111114,2994
0,458,199.3055555555555,2994
0,459,212.33333333333337,2994
0,460,201.3611111111112,2994
0,461,194.13888888888886,2994
0,462,210.58333333333331,2994
0,463,192.55555555555557,2994
0,464,196.02777777777771,2994
0,465,195.02777777777789,2994
0,466,197.47222222222217,2994
0,467,206.1944444444445,2994
0,468,230.2222222222222,2994
0,469,207.02777777777771,2994
0,470,201.0277777777778,2994
0,471,209.55555555555554,2994
0,472,195.1944444444444,2994
0,473,196.00000000000006,2994
0,474,209.47222222222234,2994
0,475,209.58333333333331,2994
0,476,219.4722222222222,2994
0,477,211.55555555555554,2994
0,478,201.52777777777774,2994
0,479,217.49999999999997,2994
0,480,207.61111111111114,2994
0,481,188.86111111111114,2994
0,482,213.8888888888888,2994
0,483,198.69444444444449,2994
0,484,198.27777777777777,2994
0,485,221.91666666666669,3252
0,486,189.5277777777778,3390
0,487,210.27777777777774,3696
0,488,210.6111111111111,3702
0,489,234.0277777777778,3702
0,490,220.16666666666669,3732
0,491,208.91666666666666,3822
0,492,209.94444444444449,3822
0,493,200.02777777777777,3822
0,494,218.44444444444446,3876
0,495,218.11111111111111,3936
0,496,243.11111111111111,4032
0,497,222.41666666666677,4032
0,498,243.83333333333334,4038
0,499,239.9722222222223,4038
0,500,238.52777777777783,4038
0,501,242.77777777777789,4050
0,502,233.6944444444445,4050
0,503,249.72222222222237,4062
0,504,231.50000000000003,4068
0,505,221.16666666666677,4068
0,506,231.22222222222223,4068
0,507,224.11111111111114,4068
0,508,230.9166666666668,4068
0,509,248.30555555555563,4074
0,510,219.2777777777778,4080
0,511,219.16666666666674,4080
0,512,241.5833333333335,4080
0,513,238.44444444444443,4080
0,514,237.0555555555556,4080
0,515,225.44444444444454,4080
0,516,232.7500000000001,4080
0,517,244.08333333333343,4080
0,518,247.11111111111126,4086
0,519,237.52777777777777,4122
0,520,242.77777777777774,4128
0,521,235.36111111111128,4134
0,522,233.77777777777777,4134
0,523,226.6944444444445,4134
0,524,223.138888888889,4158
0,525,225.47222222222223,4158
0,526,236.05555555555557,4158
0,527,220.3888888888889,4158
0,528,241.6666666666668,4158
0,529,234.25000000000006,4218
0,530,215.388888888889,4236
0,531,245.38888888888894,4266
0,532,223.47222222222214,4266
0,533,240.19444444444434,4266
0,534,224.27777777777774,4266
0,535,226.7777777777778,4266
0,536,246.86111111111111,4266
0,537,246.11111111111111,4266
0,538,230.80555555555557,4266
0,539,235.02777777777771,4284
0,540,238.72222222222223,4284
0,541,245.25000000000006,4302
0,542,246.02777777777777,4302
0,543,234.91666666666663,4302
0,544,233.27777777777771,4302
0,545,241.58333333333331,4302
0,546,233.8333333333333,4302
0,547,232.11111111111103,4302
0,548,227.74999999999991,4302
0,549,211.6388888888888,4320
0,550,227.83333333333326,4320
0,551,232.02777777777771,4320
0,552,234.4722222222222,4326
0,553,217.99999999999997,4332
0,554,240.47222222222223,4332
0,555,259.3888888888889,4338
0,556,236.5833333333333,4338
0,557,218.7500000000001,4338
0,558,223.02777777777777,4338
0,559,247.86111111111128,4338
0,560,241.44444444444446,4350
0,561,228.6388888888888,4350
0,562,241.13888888888886,4374
0,563,242.3611111111112,4374
0,564,225.69444444444437,4380
0,565,230.5277777777778,4380
0,566,234.80555555555563,4380
0,567,229.50000000000017,4380
0,568,246.69444444444454,4392
0,569,239.63888888888883,4398
0,570,243.08333333333346,4410
0,571,229.97222222222226,4410
0,572,241.80555555555557,4410
0,573,221.33333333333334,4410
0,574,249.02777777777786,4410
0,575,240.91666666666669,4410
0,576,231.44444444444443,4422
0,577,211.16666666666666,4428
0,578,243.6944444444445,4434
0,579,242.11111111111106,4440
0,580,245.66666666666666,4440
0,581,236.77777777777783,4440
0,582,233.97222222222226,4446
0,583,233.3333333333333,4446
0,584,235.61111111111111,4476
0,585,241.4722222222222,4500
0,586,230.30555555555557,4500
0,587,225.11111111111106,4500
0,588,227.99999999999997,4500
0,589,239.05555555555563,4506
0,590,233.8888888888889,4506
0,591,230.36111111111114,4512
0,592,249.58333333333334,4512
0,593,238.19444444444443,4518
0,594,246.5277777777778,4518
0,595,246.44444444444454,4518
0,596,231.4444444444445,4536
0,597,230.4166666666666,4536
0,598,233.30555555555551,4536
0,599,246.33333333333326,4542
0,600,232.1944444444444,4560
0,601,236.94444444444443,4584
0,602,228.94444444444443,4590
0,603,240.33333333333337,4590
0,604,235.9722222222222,4590
0,605,217.11111111111114,4590
0,606,241.02777777777774,4590
0,607,239.1944444444444,4596
0,608,241.0277777777778,4596
0,609,229.6666666666666,4602
0,610,233.91666666666677,4614
0,611,248.66666666666666,4614
0,612,238.30555555555543,4620
0,613,231.58333333333326,4638
0,614,234.16666666666669,4638
0,615,234.7222222222222,4638
0,616,223.97222222222214,4638
0,617,243.41666666666657,4638
0,618,254.47222222222226,4638
0,619,235.11111111111114,4638
0,620,240.94444444444449,4644
0,621,217.0833333333334,4644
0,622,233.61111111111106,4656
0,623,250.3055555555556,4656
0,624,243.13888888888886,4662
0,625,223.22222222222234,4668
0,626,242.19444444444446,4674
0,627,252.3333333333334,4674
0,628,228.02777777777786,4674
0,629,200.6944444444445,4674
0,630,235.63888888888883,4674
0,631,243.97222222222229,4674
0,632,236.66666666666677,4674
0,633,230.11111111111106,4686
0,634,240.72222222222237,4704
0,635,215.0,4716
0,636,244.77777777777774,4716
0,637,232.88888888888889,4716
0,638,232.66666666666674,4716
0,639,237.86111111111106,4716
0,640,230.69444444444446,4770
0,641,241.63888888888886,4776
0,642,237.75000000000014,4812
0,643,245.5,4812
0,644,232.2222222222222,4812
0,645,230.4722222222223,4812
0,646,242.61111111111111,4818
0,647,229.1111111111111,4818
0,648,248.0277777777778,4818
0,649,225.16666666666663,4818
0,650,236.80555555555557,4818
0,651,226.63888888888894,4824
0,652,247.44444444444449,4824
0,653,217.0,4854
0,654,224.30555555555554,4866
0,655,235.69444444444446,4872
0,656,239.5833333333333,4872
0,657,214.25,4872
0,658,233.63888888888889,4884
0,659,231.8055555555556,4884
0,660,237.58333333333331,4890
0,661,250.27777777777771,4896
0,662,240.94444444444454,4902
0,663,241.33333333333343,4908
0,664,235.7222222222222,4908
0,665,234.5833333333335,4914
0,666,237.13888888888886,4920
0,667,231.16666666666666,4920
0,668,226.00000000000003,5058
0,669,221.50000000000003,5202
0,670,241.00000000000009,5202
0,671,241.80555555555551,5214
0,672,246.05555555555551,5214
0,673,242.77777777777777,5214
0,674,242.61111111111103,5214
0,675,223.99999999999994,5214
0,676,246.22222222222217,5214
0,677,229.44444444444446,5214
0,678,243.50000000000003,5226
0,679,235.75000000000006,5238
0,680,234.25000000000006,5238
0,681,238.2777777777778,5238
0,682,235.55555555555554,5262
0,683,240.83333333333331,5262
0,684,240.25000000000014,5262
0,685,236.74999999999991,5262
0,686,225.2777777777778,5262
0,687,227.13888888888886,5262
0,688,238.5277777777779,5262
0,689,225.44444444444443,5262
0,690,258.9444444444444,5262
0,691,235.44444444444443,5262
0,692,243.6111111111111,5262
0,693,236.83333333333331,5262
0,694,233.11111111111114,5262
0,695,246.83333333333348,5262
0,696,244.66666666666663,5262
0,697,247.63888888888903,5262
0,698,241.66666666666669,5262
0,699,235.7777777777778,5262
0,700,237.08333333333343,5262
0,701,228.36111111111106,5262
0,702,230.4722222222222,5262
0,703,249.74999999999997,5262
0,704,253.52777777777774,5262
0,705,243.27777777777783,5262
0,706,232.69444444444443,5262
0,707,236.49999999999997,5262
0,708,228.58333333333334,5262
0,709,249.91666666666654,5262
0,710,233.55555555555554,5262
0,711,251.41666666666663,5262
0,712,238.66666666666666,5262
0,713,263.49999999999994,5262
0,714,252.05555555555551,5262
0,715,249.52777777777777,5262
0,716,226.27777777777771,5262
0,717,223.2222222222223,5262
0,718,239.83333333333326,5262
0,719,220.3888888888889,5262
0,720,244.8611111111111,5262
0,721,239.4166666666666,5262
0,722,250.97222222222226,5262
0,723,236.19444444444449,5262
0,724,231.36111111111117,5262
0,725,240.5555555555556,5262
0,726,250.27777777777783,5262
0,727,249.80555555555546,5262
0,728,241.13888888888886,5262
0,729,235.50000000000006,5262
0,730,241.27777777777783,5262
0,731,246.80555555555554,5262
0,732,251.33333333333323,5262
0,733,237.66666666666657,5262
0,734,240.66666666666669,5262
0,735,254.49999999999997,5394
0,736,254.47222222222223,5436
0,737,245.77777777777783,5436
0,738,235.7222222222223,5436
0,739,235.91666666666669,5460
0,740,247.94444444444449,5544
0,741,262.72222222222223,5544
0,742,248.11111111111117,5544
0,743,232.38888888888897,5544
0,744,238.24999999999994,5550
0,745,255.5833333333333,5550
0,746,266.5277777777777,5550
0,747,232.5555555555555,5550
0,748,241.22222222222226,5550
0,749,238.94444444444437,5550
0,750,247.00000000000003,5550
0,751,247.22222222222234,5550
0,752,245.4166666666668,5550
0,753,256.9444444444443,5550
0,754,237.86111111111114,5550
0,755,257.3333333333333,5550
0,756,253.77777777777771,5550
0,757,252.91666666666674,5550
0,758,242.52777777777774,5550
0,759,237.1666666666667,5574
0,760,258.1666666666667,5580
0,761,228.16666666666663,5580
0,762,236.49999999999994,5580
0,763,247.0000000000001,5580
0,764,254.80555555555557,5580
0,765,240.47222222222234,5604
0,766,238.38888888888889,5610
0,767,227.8055555555556,5610
0,768,230.8611111111111,5610
0,769,241.08333333333331,5610
0,770,256.58333333333326,5610
0,771,240.61111111111117,5610
0,772,240.27777777777771,5610
0,773,218.63888888888889,5610
0,774,250.66666666666666,5634
0,775,247.02777777777777,5640
0,776,259.7222222222223,5640
0,777,246.41666666666669,5640
0,778,227.05555555555551,5658
0,779,238.69444444444437,5670
0,780,231.72222222222229,5688
0,781,239.55555555555563,5688
0,782,233.49999999999994,5694
0,783,233.55555555555557,5694
0,784,224.88888888888883,5694
0,785,237.69444444444446,5694
0,786,224.3055555555555,5694
0,787,251.5555555555556,5694
0,788,254.19444444444446,5694
0,789,228.52777777777771,5694
0,790,230.6666666666667,5700
0,791,230.5555555555556,5700
0,792,239.66666666666666,5700
0,793,243.58333333333331,5700
0,794,260.7222222222223,5700
0,795,213.16666666666666,5706
0,796,222.11111111111111,5712
0,797,225.38888888888883,5712
0,798,222.13888888888877,5712
0,799,241.25,5718
0,800,228.50000000000003,5718
0,801,234.1666666666666,5718
0,802,217.88888888888897,5730
0,803,244.02777777777777,5736
0,804,231.80555555555554,5814
0,805,238.25000000000006,5862
0,806,242.47222222222211,5862
0,807,234.8333333333333,5862
0,808,251.4722222222223,5862
0,809,232.5833333333333,5862
0,810,240.50000000000003,5862
0,811,247.0833333333333,5862
0,812,258.49999999999994,5862
0,813,244.22222222222223,5862
0,814,233.38888888888886,5862
0,815,250.86111111111114,5862
0,816,256.3888888888889,5862
0,817,248.41666666666663,5862
0,818,240.66666666666657,5862
0,819,252.83333333333337,5862
0,820,248.97222222222226,6000
0,821,255.55555555555557,6138
0,822,250.3611111111111,6294
0,823,259.47222222222234,6384
0,824,242.08333333333326,6384
0,825,256.1111111111112,6384
0,826,251.6388888888889,6384
0,827,255.4722222222222,6390
0,828,250.97222222222214,6450
0,829,251.58333333333331,6456
0,830,246.47222222222234,6462
0,831,257.0277777777778,6462
0,832,253.41666666666674,6474
0,833,267.2222222222223,6474
0,834,243.88888888888874,6474
0,835,245.88888888888889,6492
0,836,264.69444444444457,6498
0,837,254.19444444444446,6498
0,838,265.1111111111111,6498
0,839,263.7222222222222,6504
0,840,244.83333333333343,6504
0,841,255.22222222222226,6510
0,842,256.13888888888886,6540
0,843,248.47222222222223,6540
0,844,250.1388888888888,6540
0,845,249.88888888888889,6540
0,846,249.19444444444443,6540
0,847,252.2222222222223,6540
0,848,247.02777777777774,6540
0,849,249.47222222222214,6540
0,850,265.19444444444446,6540
0,851,236.49999999999997,6558
0,852,262.0555555555555,6558
0,853,253.36111111111097,6558
0,854,252.58333333333334,6558
0,855,247.11111111111103,6576
0,856,256.3611111111111,6576
0,857,252.0000000000001,6576
0,858,241.41666666666677,6630
0,859,253.52777777777777,6630
0,860,251.44444444444426,6702
0,861,257.3055555555555,6702
0,862,249.4166666666668,6708
0,863,251.6111111111111,6708
0,864,254.52777777777783,6708
0,865,256.63888888888886,6720
0,866,242.88888888888874,6720
0,867,263.38888888888886,6720
0,868,255.16666666666657,6726
0,869,242.25000000000014,6726
0,870,255.22222222222217,6738
0,871,250.25,6744
0,872,253.22222222222214,6750
0,873,259.4722222222222,6756
0,874,262.00000000000006,6768
0,875,243.94444444444443,6768
0,876,263.80555555555554,6768
0,877,244.4722222222222,6780
0,878,258.5833333333333,6786
0,879,243.77777777777786,6792
0,880,249.83333333333334,6792
0,881,248.58333333333331,6846
0,882,253.11111111111106,6858
0,883,248.41666666666677,6864
0,884,260.6388888888888,6864
0,885,240.97222222222217,6864
0,886,252.7222222222222,6870
0,887,243.44444444444434,6870
0,888,251.38888888888886,6870
0,889,252.49999999999997,6876
0,890,258.4722222222223,6876
0,891,254.75000000000006,6876
0,892,257.47222222222234,6876
0,893,251.2222222222222,6882
0,894,241.38888888888886,6882
0,895,237.5277777777778,6888
0,896,249.25000000000006,6894
0,897,242.94444444444449,6906
0,898,257.94444444444457,6924
0,899,245.3055555555556,6936
0,900,234.83333333333334,6936
0,901,257.38888888888886,6936
0,902,257.9999999999999,6942
0,903,253.33333333333334,6942
0,904,242.1111111111111,6954
0,905,256.0277777777778,6966
0,906,247.05555555555551,6972
0,907,262.0555555555556,6972
0,908,246.44444444444437,6972
0,909,257.49999999999994,6978
0,910,251.11111111111117,6978
0,911,253.00000000000006,6984
0,912,248.66666666666657,6984
0,913,243.83333333333334,7020
0,914,236.361111111111,7026
0,915,239.0555555555556,7050
0,916,253.08333333333317,7050
0,917,255.91666666666674,7050
0,918,261.91666666666663,7050
0,919,257.0833333333333,7062
0,920,265.0277777777778,7062
0,921,243.9722222222222,7068
0,922,254.25000000000006,7068
0,923,226.8611111111111,7074
0,924,250.02777777777774,7092
0,925,232.8611111111111,7098
0,926,241.38888888888886,7110
0,927,260.16666666666663,7116
0,928,262.9166666666666,7122
0,929,233.58333333333323,7122
0,930,252.36111111111106,7122
0,931,254.75000000000003,7122
0,932,251.4722222222223,7122
0,933,249.05555555555554,7122
0,934,236.52777777777766,7122
0,935,254.27777777777777,7122
0,936,241.02777777777771,7122
0,937,246.91666666666663,7122
0,938,250.44444444444431,7122
0,939,259.00000000000006,7122
0,940,257.3888888888888,7122
0,941,250.72222222222226,7122
0,942,256.69444444444446,7152
0,943,251.44444444444449,7182
0,944,259.75,7182
0,945,267.3055555555556,7182
0,946,253.25000000000003,7182
0,947,257.55555555555554,7182
0,948,238.99999999999991,7182
0,949,259.33333333333326,7188
0,950,241.11111111111114,7188
0,951,252.80555555555563,7188
0,952,245.52777777777774,7194
0,953,256.6111111111111,7194
0,954,261.2222222222223,7248
0,955,253.91666666666666,7248
0,956,259.6111111111111,7248
0,957,260.86111111111114,7254
0,958,242.36111111111111,7272
0,959,252.55555555555551,7320
0,960,260.88888888888874,7326
0,961,263.52777777777777,7326
0,962,264.94444444444446,7326
0,963,242.86111111111103,7332
0,964,251.6111111111111,7332
0,965,258.3333333333333,7344
0,966,256.6944444444444,7362
0,967,252.33333333333337,7368
0,968,247.41666666666657,7368
0,969,242.5555555555556,7380
0,970,265.80555555555566,7380
0,971,233.47222222222223,7380
0,972,261.4722222222221,7380
0,973,263.7222222222223,7380
0,974,267.0277777777779,7392
0,975,253.52777777777771,7404
0,976,248.0,7416
0,977,255.0555555555555,7416
0,978,251.77777777777777,7416
0,979,261.13888888888897,7416
0,980,249.30555555555557,7416
0,981,245.88888888888889,7416
0,982,243.80555555555563,7422
0,983,258.9722222222222,7434
0,984,263.00000000000006,7446
0,985,260.3333333333333,7452
0,986,260.75,7458
0,987,264.1388888888889,7458
0,988,258.49999999999994,7458
0,989,240.13888888888877,7476
0,990,261.19444444444446,7476
0,991,252.25000000000003,7476
0,992,262.1111111111112,7476
0,993,248.69444444444446,7476
0,994,265.138888888889,7482
0,995,232.77777777777771,7482
0,996,246.88888888888889,7482
0,997,241.91666666666654,7482
0,998,253.1666666666666,7482
0,999,242.24999999999997,7482
0,1000,258.5555555555556,7482
1,1,34.27777777777778,0
1,2,29.944444444444443,0
1,3,37.55555555555556,0
1,4,31.11111111111112,0
1,5,35.44444444444446,0
1,6,33.69444444444444,0
1,7,38.86111111111111,0
1,8,35.75000000000001,0
1,9,42.388888888888914,0
1,10,38.74999999999999,0
1,11,37.750000000000014,0
1,12,33.722222222222236,0
1,13,38.05555555555555,0
1,14,35.11111111111113,0
1,15,33.444444444444436,0
1,16,32.52777777777778,0
1,17,31.97222222222222,0
1,18,37.41666666666666,0
1,19,40.277777777777764,0
1,20,36.94444444444445,0
1,21,38.52777777777777,0
1,22,33.555555555555564,0
1,23,39.33333333333334,18
1,24,40.05555555555556,18
1,25,34.33333333333334,18
1,26,38.5,18
1,27,37.66666666666668,18
1,28,41.083333333333314,18
1,29,38.16666666666668,18
1,30,36.19444444444444,18
1,31,38.72222222222222,18
1,32,41.38888888888889,18
1,33,35.16666666666666,18
1,34,37.000000000000014,18
1,35,36.88888888888889,18
1,36,38.33333333333333,18
1,37,36.91666666666667,18
1,38,34.25000000000002,18
1,39,44.69444444444446,18
1,40,37.3888888888889,18
1,41,41.61111111111112,18
1,42,40.63888888888891,18
1,43,44.25000000000001,18
1,44,38.416666666666664,66
1,45,31.5,78
1,46,34.72222222222223,78
1,47,39.472222222222236,78
1,48,38.19444444444446,78
1,49,42.1666666666667,78
1,50,38.1388888888889,78
1,51,33.94444444444444,78
1,52,41.22222222222223,78
1,53,37.6388888888889,78
1,54,37.97222222222222,78
1,55,47.11111111111111,102
1,56,40.638888888888886,102
1,57,38.222222222222236,108
1,58,40.66666666666665,120
1,59,39.58333333333333,120
1,60,42.19444444444445,156
1,61,43.111111111111114,156
1,62,42.222222222222236,156
1,63,46.99999999999999,156
1,64,44.88888888888888,156
1,65,45.694444444444436,168
1,66,39.24999999999999,168
1,67,41.72222222222223,168
1,68,36.222222222222236,192
1,69,45.611111111111136,192
1,70,43.77777777777777,204
1,71,40.777777777777786,204
1,72,41.44444444444446,204
1,73,44.722222222222214,204
1,74,47.222222222222214,204
1,75,43.25,204
1,76,45.41666666666668,204
1,77,37.750000000000014,204
1,78,42.888888888888886,222
1,79,42.61111111111112,222
1,80,49.41666666666668,222
1,81,41.250000000000014,222
1,82,38.361111111111114,222
1,83,43.1388888888889,222
1,84,43.72222222222222,222
1,85,43.33333333333334,222
1,86,48.16666666666668,222
1,87,42.91666666666667,222
1,88,43.16666666666666,222
1,89,39.72222222222223,222
1,90,47.2777777777778,222
1,91,44.833333333333336,222
1,92,42.30555555555556,222
1,93,41.44444444444445,222
1,94,46.88888888888888,222
1,95,45.88888888888891,222
1,96,43.30555555555558,222
1,97,46.36111111111111,222
1,98,45.86111111111113,222
1,99,48.41666666666664,222
1,100,47.58333333333334,222
1,101,42.444444444444464,222
1,102,46.66666666666668,222
1,103,41.58333333333333,228
1,104,49.333333333333336,228
1,105,41.055555555555564,228
1,106,55.91666666666666,228
1,107,53.30555555555558,228
1,108,50.25000000000002,234
1,109,54.8888888888889,240
1,110,51.52777777777778,240
1,111,58.94444444444446,246
1,112,49.33333333333336,246
1,113,57.1388888888889,246
1,114,56.49999999999999,246
1,115,56.61111111111112,246
1,116,48.5277777777778,246
1,117,55.5,246
1,118,49.25,246
1,119,60.86111111111111,246
1,120,51.22222222222223,246
1,121,53.61111111111111,246
1,122,53.55555555555556,246
1,123,53.2777777777778,252
1,124,50.47222222222222,252
1,125,52.66666666666667,252
1,126,46.41666666666668,252
1,127,52.25000000000001,252
1,128,51.000000000000014,252
1,129,56.94444444444446,252
1,130,49.44444444444445,252
1,131,52.77777777777777,252
1,132,42.277777777777786,252
1,133,45.91666666666669,252
1,134,45.0,252
1,135,47.916666666666664,252
1,136,55.77777777777778,252
1,137,55.194444444444464,252
1,138,45.8888888888889,252
1,139,49.166666666666686,252
1,140,57.694444444444485,258
1,141,49.416666666666664,258
1,142,65.02777777777776,342
1,143,58.805555555555586,342
1,144,57.00000000000002,342
1,145,60.44444444444446,342
1,146,46.63888888888892,342
1,147,55.55555555555555,342
1,148,68.02777777777777,342
1,149,62.194444444444464,342
1,150,52.22222222222223,342
1,151,64.55555555555559,342
1,152,54.44444444444445,354
1,153,59.66666666666667,438
1,154,52.80555555555556,450
1,155,51.30555555555556,450
1,156,54.611111111111136,450
1,157,54.91666666666666,450
1,158,52.19444444444446,450
1,159,59.30555555555554,450
1,160,55.499999999999986,450
1,161,61.47222222222222,456
1,162,55.666666666666686,456
1,163,63.194444444444464,456
1,164,55.94444444444442,456
1,165,49.30555555555555,456
1,166,67.41666666666669,456
1,167,53.000000000000036,456
1,168,52.91666666666668,456
1,169,65.55555555555556,456
1,170,63.277777777777814,456
1,171,59.30555555555558,456
1,172,55.527777777777764,456
1,173,58.305555555555564,456
1,174,50.44444444444446,456
1,175,70.11111111111113,504
1,176,77.52777777777777,558
1,177,70.44444444444447,588
1,178,82.50000000000003,588
1,179,79.16666666666667,588
1,180,80.13888888888889,588
1,181,83.27777777777779,588
1,182,61.72222222222223,588
1,183,68.47222222222221,588
1,184,70.44444444444443,588
1,185,89.69444444444447,588
1,186,59.194444444444464,588
1,187,83.49999999999996,588
1,188,80.97222222222224,588
1,189,68.02777777777777,588
1,190,78.13888888888887,636
1,191,80.38888888888886,636
1,192,73.5277777777778,636
1,193,73.47222222222223,636
1,194,78.75000000000001,636
1,195,76.13888888888889,636
1,196,73.05555555555554,636
1,197,79.11111111111113,636
1,198,68.63888888888887,636
1,199,78.47222222222223,636
1,200,70.6111111111111,636
1,201,80.55555555555553,636
1,202,75.3888888888889,636
1,203,71.19444444444447,636
1,204,85.02777777777774,636
1,205,77.08333333333333,636
1,206,84.94444444444444,636
1,207,83.63888888888891,636
1,208,76.83333333333334,636
1,209,74.63888888888886,636
1,210,82.8611111111111,636
1,211,66.86111111111113,636
1,212,83.02777777777779,636
1,213,72.83333333333334,636
1,214,60.166666666666664,636
1,215,72.47222222222223,636
1,216,77.36111111111107,636
1,217,85.2777777777778,636
1,218,97.27777777777774,636
1,219,74.13888888888894,636
1,220,78.77777777777779,636
1,221,69.86111111111113,636
1,222,82.6111111111111,636
1,223,75.1111111111111,696
1,224,74.41666666666664,720
1,225,75.72222222222224,726
1,226,87.30555555555553,726
1,227,97.88888888888887,726
1,228,74.69444444444441,732
1,229,98.97222222222221,738
1,230,85.33333333333331,744
1,231,80.22222222222221,744
1,232,79.11111111111111,744
1,233,90.74999999999997,744
1,234,90.25000000000001,744
1,235,93.36111111111109,744
1,236,100.66666666666667,750
1,237,102.0277777777778,750
1,238,91.77777777777774,750
1,239,85.11111111111111,750
1,240,87.47222222222223,750
1,241,92.63888888888887,750
1,242,89.02777777777776,750
1,243,79.08333333333331,750
1,244,86.24999999999999,750
1,245,87.16666666666666,750
1,246,72.36111111111109,756
1,247,87.05555555555553,768
1,248,93.94444444444447,774
1,249,94.05555555555554,780
1,250,87.27777777777779,780
1,251,74.1111111111111,780
1,252,85.13888888888893,780
1,253,85.94444444444444,780
1,254,80.55555555555557,780
1,255,101.88888888888894,780
1,256,86.58333333333333,780
1,257,103.36111111111111,780
1,258,94.86111111111113,780
1,259,105.1111111111111,780
1,260,96.8888888888889,780
1,261,87.08333333333334,780
1,262,101.86111111111114,780
1,263,93.86111111111113,780
1,264,83.08333333333333,798
1,265,100.2777777777778,834
1,266,89.58333333333333,840
1,267,99.63888888888891,852
1,268,106.19444444444447,852
1,269,99.27777777777776,852
1,270,88.9722222222222,852
1,271,109.66666666666671,852
1,272,97.47222222222226,852
1,273,92.08333333333333,852
1,274,95.52777777777777,852
1,275,95.1666666666667,852
1,276,110.58333333333334,852
1,277,99.24999999999999,852
1,278,99.4166666666667,852
1,279,97.3333333333333,852
1,280,90.69444444444447,852
1,281,113.47222222222221,852
1,282,92.44444444444447,852
1,283,89.36111111111114,852
1,284,106.13888888888891,852
1,285,82.00000000000003,852
1,286,100.52777777777776,876
1,287,105.97222222222223,912
1,288,124.63888888888891,924
1,289,92.33333333333339,930
1,290,107.6111111111111,936
1,291,79.97222222222223,936
1,292,93.91666666666666,936
1,293,90.58333333333333,936
1,294,88.75000000000003,936
1,295,87.74999999999996,936
1,296,76.30555555555557,936
1,297,88.33333333333333,936
1,298,108.97222222222224,936
1,299,100.94444444444449,936
1,300,121.91666666666671,936
1,301,141.83333333333334,948
1,302,118.1666666666667,954
1,303,118.66666666666673,954
1,304,102.75000000000001,954
1,305,125.69444444444449,954
1,306,102.5555555555556,954
1,307,118.41666666666671,954
1,308,113.61111111111109,954
1,309,109.27777777777777,984
1,310,109.66666666666666,990
1,311,116.27777777777779,996
1,312,118.66666666666669,996
1,313,99.75000000000003,996
1,314,106.44444444444449,996
1,315,113.1666666666667,996
1,316,113.11111111111114,996
1,317,129.8888888888889,996
1,318,101.63888888888896,996
1,319,122.44444444444446,996
1,320,112.72222222222227,996
1,321,130.58333333333331,996
1,322,117.72222222222227,996
1,323,109.33333333333334,996
1,324,117.33333333333333,996
1,325,107.52777777777784,996
1,326,110.61111111111111,996
1,327,108.83333333333337,996
1,328,125.61111111111119,996
1,329,122.25000000000001,996
1,330,116.41666666666666,996
1,331,120.61111111111116,996
1,332,114.02777777777777,996
1,333,108.19444444444453,996
1,334,104.4722222222223,996
1,335,108.11111111111116,996
1,336,109.02777777777779,996
1,337,113.00000000000001,996
1,338,134.36111111111114,996
1,339,107.00000000000006,996
1,340,109.58333333333336,996
1,341,124.63888888888889,996
1,342,136.52777777777777,996
1,343,111.22222222222221,996
1,344,123.97222222222229,996
1,345,118.88888888888891,996
1,346,123.55555555555557,996
1,347,114.05555555555561,996
1,348,144.0555555555556,1086
1,349,108.63888888888894,1212
1,350,108.63888888888891,1242
1,351,121.63888888888893,1242
1,352,98.83333333333334,1242
1,353,125.83333333333334,1242
1,354,136.8888888888889,1242
1,355,99.30555555555554,1242
1,356,121.5,1242
1,357,124.91666666666671,1290
1,358,117.52777777777786,1290
1,359,116.83333333333339,1290
1,360,124.88888888888897,1290
1,361,112.27777777777781,1290
1,362,114.63888888888893,1290
1,363,107.13888888888896,1290
1,364,125.41666666666674,1290
1,365,120.69444444444447,1290
1,366,121.0,1290
1,367,121.83333333333334,1386
1,368,108.83333333333334,1386
1,369,114.6944444444445,1386
1,370,142.69444444444449,1386
1,371,128.63888888888894,1386
1,372,133.94444444444457,1386
1,373,129.3333333333334,1386
1,374,135.61111111111117,1386
1,375,124.5833333333334,1386
1,376,120.66666666666667,1584
1,377,137.41666666666669,1920
1,378,118.97222222222223,1920
1,379,115.05555555555557,1920
1,380,118.13888888888893,1920
1,381,135.1944444444445,1920
1,382,135.55555555555554,1920
1,383,126.1388888888889,1920
1,384,142.33333333333331,1920
1,385,121.13888888888893,1920
1,386,115.00000000000006,1920
1,387,142.58333333333334,1920
1,388,135.1388888888889,1920
1,389,117.11111111111117,1920
1,390,141.50000000000003,1920
1,391,131.97222222222217,1920
1,392,131.0833333333334,1920
1,393,144.77777777777783,1932
1,394,121.33333333333341,1932
1,395,131.72222222222229,1932
1,396,116.97222222222224,1932
1,397,110.69444444444449,1956
1,398,118.97222222222221,2040
1,399,130.27777777777777,2280
1,400,137.63888888888889,2280
1,401,129.22222222222229,2280
1,402,156.47222222222223,2280
1,403,141.41666666666669,2280
1,404,136.38888888888894,2280
1,405,152.47222222222226,2280
1,406,133.50000000000003,2280
1,407,151.88888888888889,2280
1,408,119.86111111111117,2280
1,409,149.47222222222226,2280
1,410,139.4444444444444,2280
1,411,128.25000000000006,2280
1,412,137.94444444444443,2280
1,413,148.02777777777786,2292
1,414,138.91666666666669,2292
1,415,119.16666666666669,2334
1,416,131.9166666666666,2340
1,417,146.8888888888889,2346
1,418,134.86111111111114,2346
1,419,124.61111111111113,2352
1,420,117.99999999999997,2352
1,421,130.16666666666666,2352
1,422,122.72222222222227,2352
1,423,151.08333333333331,2352
1,424,154.80555555555554,2370
1,425,144.58333333333334,2370
1,426,130.52777777777783,2376
1,427,125.6944444444445,2388
1,428,138.4444444444444,2388
1,429,131.36111111111114,2424
1,430,133.83333333333343,2436
1,431,129.4166666666667,2436
1,432,126.11111111111116,2436
1,433,131.80555555555557,2436
1,434,130.6388888888889,2436
1,435,147.63888888888889,2442
1,436,127.52777777777779,2448
1,437,130.44444444444449,2454
1,438,143.36111111111114,2460
1,439,130.66666666666669,2466
1,440,124.86111111111113,2478
1,441,139.02777777777789,2478
1,442,157.6111111111111,2478
1,443,142.52777777777783,2478
1,444,137.25000000000003,2502
1,445,122.44444444444444,2514
1,446,123.11111111111114,2514
1,447,145.8611111111111,2520
1,448,122.38888888888891,2538
1,449,133.50000000000003,2562
1,450,153.0833333333334,2568
1,451,132.5277777777778,2568
1,452,134.9722222222223,2568
1,453,138.00000000000006,2568
1,454,133.97222222222229,2568
1,455,126.19444444444444,2568
1,456,130.5555555555556,2568
1,457,133.36111111111117,2568
1,458,135.02777777777783,2568
1,459,140.05555555555563,2568
1,460,132.94444444444449,2574
1,461,119.0277777777778,2580
1,462,152.4444444444444,2592
1,463,133.19444444444446,2592
1,464,135.36111111111111,2592
1,465,130.30555555555557,2598
1,466,151.52777777777783,2598
1,467,108.08333333333334,2598
1,468,136.80555555555563,2640
1,469,138.25,2640
1,470,134.9166666666667,2652
1,471,117.08333333333336,2652
1,472,140.00000000000009,2652
1,473,129.25000000000003,2652
1,474,120.00000000000001,2652
1,475,122.88888888888887,2652
1,476,138.16666666666669,2658
1,477,139.8055555555556,2664
1,478,118.94444444444451,2664
1,479,125.36111111111114,2664
1,480,145.63888888888894,2664
1,481,100.61111111111114,2664
1,482,145.5277777777778,2664
1,483,135.1666666666667,2670
1,484,132.16666666666674,2676
1,485,118.91666666666671,2676
1,486,117.08333333333344,2676
1,487,152.80555555555551,2682
1,488,133.72222222222229,2694
1,489,144.66666666666674,2754
1,490,153.1388888888889,2754
1,491,125.1666666666667,2796
1,492,132.27777777777783,2814
1,493,143.00000000000009,2868
1,494,118.91666666666664,2868
1,495,140.83333333333334,2886
1,496,132.72222222222223,2886
1,497,110.19444444444444,2886
1,498,142.72222222222229,2886
1,499,137.74999999999997,2892
1,500,132.11111111111114,2904
1,501,135.44444444444449,2904
1,502,135.5555555555556,2904
1,503,128.33333333333337,2904
1,504,133.2777777777778,2910
1,505,141.55555555555557,2910
1,506,160.6111111111111,2910
1,507,134.5277777777778,2910
1,508,130.58333333333337,2910
1,509,109.58333333333331,2922
1,510,140.0555555555556,2922
1,511,148.13888888888894,2922
1,512,123.05555555555559,2922
1,513,130.61111111111114,2922
1,514,119.2222222222222,2922
1,515,136.41666666666669,2928
1,516,147.66666666666669,2934
1,517,143.5000000000001,2934
1,518,126.25000000000001,2934
1,519,130.86111111111111,2946
1,520,154.86111111111114,2952
1,521,136.83333333333337,2958
1,522,158.52777777777783,2958
1,523,145.5277777777778,2958
1,524,144.38888888888886,2958
1,525,115.1944444444445,3006
1,526,153.80555555555554,3006
1,527,127.86111111111111,3006
1,528,151.22222222222217,3006
1,529,132.08333333333334,3006
1,530,110.86111111111111,3006
1,531,134.38888888888886,3006
1,532,142.75000000000006,3006
1,533,117.05555555555556,3006
1,534,135.7222222222222,3018
1,535,128.16666666666674,3042
1,536,137.36111111111114,3048
1,537,149.02777777777783,3048
1,538,141.9444444444444,3048
1,539,147.61111111111117,3048
1,540,134.30555555555563,3048
1,541,121.13888888888887,3054
1,542,129.36111111111114,3054
1,543,125.0277777777778,3054
1,544,124.61111111111113,3060
1,545,145.30555555555557,3060
1,546,142.41666666666674,3060
1,547,120.55555555555554,3060
1,548,114.4722222222222,3060
1,549,148.36111111111111,3060
1,550,140.83333333333334,3060
1,551,164.77777777777777,3060
1,552,152.58333333333334,3060
1,553,132.83333333333337,3084
1,554,161.38888888888889,3084
1,555,129.77777777777774,3084
1,556,125.52777777777776,3084
1,557,151.99999999999997,3084
1,558,130.22222222222223,3084
1,559,119.61111111111114,3084
1,560,128.22222222222226,3084
1,561,126.13888888888887,3084
1,562,126.25000000000001,3084
1,563,135.47222222222223,3084
1,564,124.27777777777786,3084
1,565,133.30555555555557,3084
1,566,171.74999999999997,3084
1,567,134.02777777777783,3084
1,568,138.0555555555556,3084
1,569,133.88888888888889,3084
1,570,139.36111111111111,3084
1,571,144.52777777777786,3084
1,572,111.41666666666669,3084
1,573,138.33333333333326,3084
1,574,141.05555555555563,3084
1,575,136.1666666666667,3084
1,576,122.36111111111119,3084
1,577,127.91666666666674,3084
1,578,146.00000000000006,3084
1,579,162.97222222222229,3084
1,580,161.94444444444443,3084
1,581,156.02777777777771,3084
1,582,143.16666666666666,3084
1,583,146.5555555555556,3084
1,584,136.7777777777778,3084
1,585,137.05555555555557,3084
1,586,146.41666666666663,3084
1,587,143.5,3084
1,588,142.77777777777783,3084
1,589,141.22222222222217,3084
1,590,146.7222222222222,3084
1,591,159.36111111111117,3084
1,592,141.30555555555554,3084
1,593,130.75,3084
1,594,154.4166666666667,3084
1,595,138.36111111111111,3084
1,596,146.52777777777777,3084
1,597,154.11111111111114,3084
1,598,112.5277777777778,3084
1,599,125.1111111111111,3084
1,600,132.83333333333334,3084
1,601,129.55555555555554,3084
1,602,135.41666666666663,3084
1,603,120.5277777777778,3084
1,604,126.91666666666667,3084
1,605,126.58333333333336,3084
1,606,147.33333333333337,3084
1,607,132.11111111111114,3084
1,608,118.61111111111111,3084
1,609,130.50000000000006,3084
1,610,126.25000000000007,3084
1,611,145.55555555555569,3084
1,612,148.72222222222223,3084
1,613,152.0,3084
1,614,126.80555555555556,3084
1,615,122.55555555555559,3084
1,616,142.86111111111111,3084
1,617,138.6388888888889,3084
1,618,135.47222222222226,3084
1,619,134.55555555555557,3090
1,620,127.94444444444443,3090
1,621,121.3333333333333,3090
1,622,129.58333333333337,3174
1,623,127.38888888888889,3180
1,624,114.75000000000001,3222
1,625,123.13888888888893,3264
1,626,132.30555555555554,3264
1,627,135.8888888888889,3264
1,628,148.00000000000009,3264
1,629,130.13888888888889,3276
1,630,126.4166666666667,3276
1,631,119.41666666666667,3276
1,632,136.1944444444445,3276
1,633,129.61111111111117,3276
1,634,126.8055555555556,3282
1,635,135.97222222222223,3288
1,636,130.5833333333334,3294
1,637,128.61111111111114,3294
1,638,123.66666666666673,3300
1,639,127.1944444444445,3300
1,640,126.16666666666667,3300
1,641,154.66666666666666,3348
1,642,130.97222222222223,3348
1,643,123.66666666666669,3348
1,644,129.50000000000003,3348
1,645,156.19444444444446,3348
1,646,135.3888888888889,3354
1,647,125.2777777777778,3354
1,648,126.88888888888891,3354
1,649,149.55555555555554,3354
1,650,133.66666666666674,3354
1,651,112.91666666666667,3354
1,652,135.19444444444446,3354
1,653,126.91666666666667,3354
1,654,145.1388888888889,3360
1,655,126.88888888888893,3360
1,656,147.94444444444449,3366
1,657,142.72222222222229,3366
1,658,126.58333333333331,3384
1,659,117.88888888888896,3384
1,660,119.86111111111104,3384
1,661,135.69444444444446,3408
1,662,119.4166666666667,3420
1,663,139.9722222222223,3426
1,664,135.2777777777778,3426
1,665,114.22222222222221,3426
1,666,129.19444444444449,3444
1,667,120.44444444444447,3450
1,668,129.66666666666669,3456
1,669,122.50000000000003,3462
1,670,127.13888888888887,3462
1,671,138.27777777777777,3462
1,672,126.88888888888896,3468
1,673,145.00000000000003,3486
1,674,123.36111111111114,3492
1,675,116.77777777777777,3492
1,676,151.50000000000003,3492
1,677,142.22222222222223,3492
1,678,145.05555555555551,3492
1,679,131.47222222222226,3492
1,680,138.72222222222229,3492
1,681,124.83333333333336,3498
1,682,147.0000000000001,3498
1,683,127.75000000000003,3498
1,684,118.83333333333336,3498
1,685,148.72222222222226,3498
1,686,129.11111111111114,3498
1,687,132.27777777777774,3498
1,688,121.61111111111111,3504
1,689,147.22222222222226,3504
1,690,112.83333333333337,3516
1,691,149.38888888888894,3516
1,692,142.0555555555556,3516
1,693,140.55555555555551,3516
1,694,133.1666666666667,3522
1,695,147.83333333333337,3528
1,696,131.30555555555557,3534
1,697,125.3055555555556,3534
1,698,135.0833333333334,3534
1,699,131.63888888888889,3540
1,700,129.00000000000006,3540
1,701,127.5277777777778,3540
1,702,131.55555555555566,3540
1,703,111.88888888888889,3540
1,704,135.83333333333334,3540
1,705,125.52777777777779,3540
1,706,119.08333333333333,3540
1,707,143.00000000000006,3540
1,708,152.80555555555557,3546
1,709,136.80555555555557,3552
1,710,127.66666666666669,3552
1,711,114.44444444444444,3552
1,712,140.94444444444449,3564
1,713,138.33333333333334,3600
1,714,146.25000000000003,3606
1,715,132.4166666666667,3624
1,716,125.44444444444451,3630
1,717,143.75,3630
1,718,136.5,3630
1,719,145.3055555555556,3630
1,720,123.05555555555557,3630
1,721,135.22222222222226,3630
1,722,156.58333333333343,3702
1,723,120.77777777777779,3702
1,724,121.02777777777779,3702
1,725,147.58333333333334,3702
1,726,119.38888888888893,3702
1,727,155.63888888888894,3702
1,728,139.08333333333337,3702
1,729,147.80555555555554,3702
1,730,146.08333333333334,3702
1,731,115.47222222222223,3714
1,732,144.69444444444449,3774
1,733,128.58333333333334,3792
1,734,119.72222222222221,3816
1,735,132.27777777777777,3816
1,736,153.1388888888889,3816
1,737,147.19444444444443,3816
1,738,153.0555555555556,3816
1,739,141.91666666666666,3816
1,740,148.97222222222223,3816
1,741,139.52777777777786,3816
1,742,149.8888888888889,3816
1,743,134.1111111111111,3816
1,744,118.38888888888891,3816
1,745,132.61111111111114,3816
1,746,158.49999999999997,3816
1,747,136.1388888888889,3816
1,748,144.41666666666666,3816
1,749,142.97222222222223,3816
1,750,134.66666666666666,3816
1,751,124.25000000000003,3816
1,752,148.13888888888886,3816
1,753,150.24999999999997,3816
1,754,145.22222222222226,3816
1,755,142.83333333333334,3816
1,756,152.02777777777783,3816
1,757,145.5,3816
1,758,132.86111111111117,3816
1,759,141.5277777777778,3816
1,760,152.05555555555554,3816
1,761,158.72222222222223,3816
1,762,134.94444444444449,3816
1,763,142.3333333333334,3816
1,764,142.69444444444449,3816
1,765,142.36111111111114,3816
1,766,129.00000000000006,3816
1,767,150.0833333333334,3816
1,768,128.41666666666674,3816
1,769,124.08333333333337,3816
1,770,147.6111111111111,3816
1,771,137.8055555555556,3816
1,772,137.63888888888886,3816
1,773,148.75000000000003,3816
1,774,149.27777777777783,3816
1,775,142.83333333333337,3816
1,776,138.25000000000006,3816
1,777,140.75,3816
1,778,152.33333333333334,3816
1,779,141.4166666666667,3816
1,780,150.05555555555557,3816
1,781,145.91666666666669,3816
1,782,149.94444444444437,3816
1,783,136.63888888888894,3816
1,784,143.2222222222222,3816
1,785,127.25000000000006,3816
1,786,146.16666666666674,3816
1,787,156.47222222222226,3816
1,788,149.66666666666674,3816
1,789,128.83333333333334,3816
1,790,123.38888888888883,3816
1,791,144.47222222222223,3816
1,792,147.6666666666667,3816
1,793,130.94444444444446,3816
1,794,127.61111111111113,3816
1,795,133.63888888888889,3816
1,796,135.94444444444443,3834
1,797,139.7222222222222,3834
1,798,148.75,3834
1,799,132.3611111111111,3834
1,800,131.75,3834
1,801,127.16666666666669,3834
1,802,129.41666666666666,3834
1,803,151.63888888888894,3834
1,804,145.88888888888894,3840
1,805,167.52777777777786,3846
1,806,150.0555555555556,3846
1,807,165.11111111111106,3846
1,808,156.27777777777786,3846
1,809,170.2777777777778,3846
1,810,139.6944444444444,3846
1,811,139.6111111111112,3846
1,812,159.69444444444446,3846
1,813,144.5277777777778,3846
1,814,148.27777777777774,3846
1,815,166.8333333333334,3846
1,816,144.80555555555563,3846
1,817,140.91666666666669,3846
1,818,161.36111111111106,3846
1,819,155.27777777777771,3846
1,820,149.63888888888889,3846
1,821,159.63888888888889,3846
1,822,160.77777777777783,3846
1,823,154.22222222222223,3846
1,824,146.8888888888889,3846
1,825,147.75,3846
1,826,152.33333333333343,3846
1,827,166.3888888888889,3846
1,828,166.16666666666669,3846
1,829,150.61111111111117,3846
1,830,144.13888888888889,3846
1,831,152.13888888888886,3846
1,832,155.16666666666669,3846
1,833,161.1388888888889,3846
1,834,156.11111111111117,3846
1,835,172.08333333333334,3846
1,836,172.91666666666674,3846
1,837,169.13888888888894,3846
1,838,142.69444444444449,3846
1,839,161.38888888888886,3846
1,840,169.80555555555569,3846
1,841,162.6944444444444,3846
1,842,168.0,3846
1,843,159.27777777777783,3894
1,844,164.83333333333331,3894
1,845,149.61111111111114,3954
1,846,175.4722222222223,3978
1,847,145.44444444444443,3978
1,848,160.99999999999997,3984
1,849,129.3611111111111,3984
1,850,150.86111111111106,3984
1,851,175.8333333333334,3984
1,852,139.99999999999994,3984
1,853,169.75000000000009,3984
1,854,145.08333333333337,3984
1,855,155.91666666666666,3984
1,856,158.8888888888889,3984
1,857,159.5833333333333,3984
1,858,148.11111111111117,3984
1,859,153.55555555555563,3984
1,860,166.66666666666666,3984
1,861,145.16666666666669,3984
1,862,152.22222222222229,4026
1,863,167.63888888888894,4056
1,864,143.33333333333337,4056
1,865,171.44444444444449,4056
1,866,168.88888888888883,4056
1,867,162.41666666666669,4086
1,868,176.58333333333343,4086
1,869,168.22222222222234,4086
1,870,167.91666666666663,4086
1,871,161.36111111111117,4086
1,872,160.75000000000009,4086
1,873,176.00000000000003,4086
1,874,166.91666666666674,4086
1,875,173.86111111111117,4086
1,876,146.69444444444449,4086
1,877,172.99999999999997,4086
1,878,158.66666666666666,4086
1,879,173.47222222222211,4086
1,880,156.3611111111112,4086
1,881,159.1944444444445,4086
1,882,168.11111111111117,4086
1,883,172.22222222222229,4086
1,884,177.13888888888894,4086
1,885,157.1944444444445,4086
1,886,200.3333333333333,4086
1,887,146.97222222222223,4146
1,888,151.44444444444449,4212
1,889,167.22222222222226,4224
1,890,167.88888888888897,4260
1,891,166.63888888888886,4296
1,892,156.41666666666666,4332
1,893,172.25000000000006,4332
1,894,172.8888888888889,4332
1,895,184.41666666666666,4332
1,896,167.63888888888894,4332
1,897,177.8333333333334,4332
1,898,170.19444444444449,4332
1,899,170.91666666666674,4332
1,900,176.41666666666669,4332
1,901,182.9999999999999,4332
1,902,154.38888888888886,4332
1,903,184.33333333333334,4332
1,904,189.11111111111111,4332
1,905,190.41666666666666,4332
1,906,183.69444444444443,4332
1,907,162.1666666666667,4332
1,908,185.36111111111126,4332
1,909,179.88888888888886,4332
1,910,182.61111111111123,4332
1,911,176.8611111111111,4332
1,912,176.44444444444449,4332
1,913,181.30555555555557,4332
1,914,154.88888888888889,4332
1,915,175.33333333333337,4332
1,916,163.3611111111112,4332
1,917,187.72222222222229,4332
1,918,176.27777777777783,4332
1,919,173.91666666666666,4332
1,920,174.13888888888886,4332
1,921,170.00000000000003,4332
1,922,164.33333333333337,4362
1,923,170.0277777777778,4428
1,924,202.05555555555563,4428
1,925,227.63888888888889,4440
1,926,223.97222222222211,4440
1,927,185.75000000000006,4440
1,928,213.94444444444449,4440
1,929,219.72222222222223,4440
1,930,218.6388888888888,4440
1,931,211.5833333333333,4440
1,932,203.4722222222223,4488
1,933,204.5277777777778,4524
1,934,212.49999999999997,4554
1,935,211.58333333333337,4572
1,936,204.8611111111111,4596
1,937,216.47222222222217,4596
1,938,232.99999999999991,4596
1,939,226.27777777777783,4596
1,940,218.66666666666674,4602
1,941,222.44444444444449,4602
1,942,224.69444444444443,4608
1,943,214.3333333333333,4704
1,944,235.3888888888889,4704
1,945,178.61111111111117,4704
1,946,208.61111111111111,4704
1,947,222.44444444444446,4704
1,948,219.80555555555563,4704
1,949,220.6111111111111,4704
1,950,210.72222222222229,4704
1,951,224.0,4704
1,952,233.61111111111117,4704
1,953,217.33333333333337,4704
1,954,220.77777777777789,4704
1,955,228.5555555555556,4704
1,956,211.00000000000006,4704
1,957,220.16666666666666,4704
1,958,226.33333333333326,4704
1,959,200.4166666666666,4704
1,960,235.33333333333334,4704
1,961,215.2777777777777,4704
1,962,240.6111111111111,4704
1,963,212.02777777777794,4704
1,964,217.6666666666666,4704
1,965,201.44444444444449,4704
1,966,215.36111111111111,4704
1,967,202.00000000000003,4704
1,968,233.41666666666669,4704
1,969,231.94444444444454,4704
1,970,205.55555555555566,4704
1,971,209.97222222222237,4704
1,972,217.61111111111106,4704
1,973,220.00000000000006,4704
1,974,214.13888888888894,4704
1,975,244.91666666666669,4704
1,976,217.74999999999997,4704
1,977,229.36111111111117,4704
1,978,212.83333333333326,4704
1,979,210.16666666666663,4704
1,980,210.00000000000009,4704
1,981,213.33333333333337,4704
1,982,216.55555555555554,4704
1,983,227.1944444444445,4722
1,984,203.6666666666667,4728
1,985,206.5,4758
1,986,208.61111111111117,4758
1,987,229.41666666666677,4770
1,988,215.08333333333334,4770
1,989,234.22222222222234,4794
1,990,226.38888888888886,4794
1,991,230.86111111111126,4794
1,992,220.27777777777783,4794
1,993,216.8611111111112,4794
1,994,238.58333333333334,4794
1,995,229.2222222222222,4794
1,996,235.9166666666666,4812
1,997,236.27777777777783,4812
1,998,233.77777777777774,4812
1,999,234.63888888888886,4812
1,1000,229.63888888888894,4818
2,1,36.861111111111136,0
2,2,33.44444444444445,12
2,3,40.111111111111114,18
2,4,37.583333333333336,18
2,5,45.94444444444445,24
2,6,49.361111111111136,24
2,7,44.44444444444446,24
2,8,36.75000000000001,24
2,9,41.94444444444445,24
2,10,36.94444444444445,24
2,11,52.138888888888914,24
2,12,46.30555555555554,24
2,13,47.02777777777778,24
2,14,37.0,24
2,15,45.027777777777786,24
2,16,45.6111111111111,24
2,17,47.333333333333336,24
2,18,48.05555555555557,24
2,19,44.19444444444444,24
2,20,41.05555555555557,30
2,21,37.666666666666664,30
2,22,42.05555555555557,30
2,23,45.5277777777778,30
2,24,48.52777777777779,30
2,25,41.388888888888886,30
2,26,43.47222222222223,30
2,27,36.08333333333334,30
2,28,35.16666666666668,42
2,29,46.16666666666667,66
2,30,43.08333333333334,78
2,31,45.63888888888891,96
2,32,45.972222222222236,96
2,33,41.75000000000001,96
2,34,50.8611111111111,96
2,35,49.5,96
2,36,48.16666666666665,96
2,37,50.8888888888889,96
2,38,45.1111111111111,96
2,39,46.30555555555555,96
2,40,52.58333333333334,96
2,41,39.944444444444436,96
2,42,48.88888888888889,96
2,43,39.94444444444446,96
2,44,40.80555555555558,96
2,45,44.55555555555558,96
2,46,44.027777777777786,96
2,47,51.444444444444464,96
2,48,52.58333333333334,96
2,49,49.52777777777779,96
2,50,41.0,96
2,51,44.41666666666666,126
2,52,55.47222222222221,126
2,53,48.41666666666667,126
2,54,55.22222222222225,126
2,55,44.55555555555556,126
2,56,50.1388888888889,126
2,57,53.19444444444444,186
2,58,47.3611111111111,186
2,59,54.666666666666686,186
2,60,47.111111111111136,186
2,61,48.61111111111113,204
2,62,54.38888888888891,204
2,63,47.527777777777764,204
2,64,52.94444444444443,204
2,65,55.25000000000002,204
2,66,52.30555555555556,204
2,67,52.63888888888891,204
2,68,58.86111111111109,204
2,69,53.50000000000001,204
2,70,45.69444444444446,204
2,71,49.05555555555558,204
2,72,53.55555555555557,204
2,73,55.08333333333333,204
2,74,48.94444444444444,204
2,75,51.8888888888889,204
2,76,56.916666666666664,204
2,77,48.61111111111113,204
2,78,52.33333333333336,204
2,79,53.33333333333334,204
2,80,55.86111111111112,204
2,81,53.777777777777786,204
2,82,52.50000000000003,204
2,83,61.08333333333336,216
2,84,53.66666666666667,216
2,85,57.05555555555556,216
2,86,51.94444444444442,216
2,87,49.86111111111113,234
2,88,55.972222222222236,252
2,89,58.6388888888889,252
2,90,56.47222222222225,252
2,91,56.27777777777779,252
2,92,59.166666666666686,252
2,93,60.08333333333332,252
2,94,58.583333333333336,288
2,95,49.50000000000001,300
2,96,52.30555555555557,300
2,97,67.52777777777779,306
2,98,63.27777777777783,348
2,99,62.722222222222214,348
2,100,65.6388888888889,348
2,101,60.05555555555555,348
2,102,65.88888888888886,354
2,103,62.33333333333334,360
2,104,68.49999999999999,360
2,105,65.80555555555554,366
2,106,70.08333333333334,366
2,107,61.63888888888888,366
2,108,54.77777777777778,366
2,109,64.41666666666669,366
2,110,76.3611111111111,366
2,111,66.7777777777778,366
2,112,65.63888888888891,366
2,113,70.00000000000003,366
2,114,71.41666666666669,366
2,115,76.02777777777776,366
2,116,62.41666666666665,372
2,117,74.99999999999999,396
2,118,74.94444444444447,414
2,119,73.83333333333334,414
2,120,79.72222222222224,414
2,121,80.30555555555556,414
2,122,79.83333333333333,414
2,123,79.58333333333331,414
2,124,76.80555555555553,414
2,125,60.22222222222225,414
2,126,83.97222222222221,414
2,127,87.08333333333336,414
2,128,69.36111111111113,414
2,129,66.16666666666667,414
2,130,85.00000000000001,414
2,131,75.66666666666666,414
2,132,73.66666666666667,426
2,133,87.33333333333334,426
2,134,81.47222222222226,426
2,135,77.58333333333329,426
2,136,83.0,426
2,137,72.47222222222224,426
2,138,66.02777777777777,426
2,139,85.80555555555559,426
2,140,90.77777777777776,426
2,141,80.30555555555554,426
2,142,73.80555555555556,426
2,143,90.72222222222223,432
2,144,73.2222222222222,462
2,145,83.58333333333331,498
2,146,91.33333333333334,498
2,147,87.50000000000001,498
2,148,83.33333333333334,498
2,149,90.94444444444447,498
2,150,88.52777777777779,498
2,151,98.33333333333336,498
2,152,77.22222222222221,498
2,153,89.38888888888891,498
2,154,87.66666666666669,498
2,155,85.97222222222223,498
2,156,92.58333333333333,504
2,157,87.61111111111113,516
2,158,89.30555555555551,534
2,159,141.19444444444454,534
2,160,128.72222222222223,546
2,161,104.80555555555553,546
2,162,141.1111111111111,546
2,163,90.97222222222223,546
2,164,107.80555555555557,546
2,165,122.30555555555559,546
2,166,129.44444444444446,546
2,167,129.97222222222229,546
2,168,118.72222222222223,546
2,169,120.25000000000003,546
2,170,113.33333333333341,546
2,171,119.3055555555556,546
2,172,119.30555555555561,546
2,173,129.25000000000006,546
2,174,116.69444444444444,546
2,175,123.86111111111113,546
2,176,122.11111111111114,546
2,177,140.52777777777777,546
2,178,124.02777777777783,546
2,179,124.33333333333334,546
2,180,100.0555555555556,546
2,181,118.91666666666669,546
2,182,109.3888888888889,546
2,183,117.50000000000006,546
2,184,133.72222222222226,546
2,185,109.9444444444445,546
2,186,143.44444444444443,546
2,187,119.55555555555563,546
2,188,114.69444444444449,546
2,189,104.47222222222229,546
2,190,136.52777777777783,546
2,191,130.72222222222226,546
2,192,124.83333333333339,546
2,193,111.08333333333336,546
2,194,102.72222222222226,546
2,195,128.41666666666674,546
2,196,118.94444444444446,546
2,197,114.27777777777779,546
2,198,117.47222222222226,546
2,199,109.55555555555561,546
2,200,106.61111111111114,546
2,201,102.50000000000001,546
2,202,112.19444444444447,558
2,203,121.02777777777779,558
2,204,109.25,558
2,205,122.02777777777783,558
2,206,117.4722222222222,564
2,207,110.69444444444453,570
2,208,124.33333333333334,570
2,209,115.94444444444446,576
2,210,108.80555555555556,576
2,211,100.33333333333336,582
2,212,118.74999999999997,582
2,213,115.72222222222221,618
2,214,113.63888888888889,618
2,215,97.36111111111109,624
2,216,108.69444444444449,630
2,217,126.72222222222224,636
2,218,111.52777777777779,636
2,219,106.6666666666667,636
2,220,113.00000000000003,636
2,221,120.83333333333337,642
2,222,110.77777777777779,654
2,223,129.9166666666667,654
2,224,119.19444444444449,654
2,225,115.19444444444446,654
2,226,117.4166666666667,654
2,227,105.8611111111111,672
2,228,120.02777777777777,678
2,229,139.55555555555557,690
2,230,110.83333333333336,690
2,231,126.13888888888897,696
2,232,111.77777777777777,696
2,233,131.86111111111106,696
2,234,128.27777777777783,696
2,235,117.1666666666667,702
2,236,156.61111111111111,702
2,237,98.66666666666666,702
2,238,127.77777777777783,702
2,239,119.50000000000001,702
2,240,104.08333333333334,702
2,241,126.75000000000004,702
2,242,122.6666666666667,702
2,243,130.86111111111114,702
2,244,124.61111111111119,702
2,245,130.88888888888897,702
2,246,139.63888888888894,702
2,247,122.11111111111113,702
2,248,120.99999999999999,702
2,249,115.16666666666667,708
2,250,149.5555555555556,708
2,251,109.6388888888889,708
2,252,143.02777777777783,708
2,253,126.91666666666667,708
2,254,129.36111111111111,708
2,255,131.91666666666674,708
2,256,117.63888888888894,714
2,257,111.91666666666669,726
2,258,98.86111111111113,756
2,259,124.11111111111109,756
2,260,120.97222222222226,756
2,261,102.08333333333334,756
2,262,142.83333333333337,756
2,263,140.8055555555556,756
2,264,154.9722222222222,756
2,265,151.61111111111114,756
2,266,122.52777777777777,756
2,267,110.6388888888889,786
2,268,148.50000000000009,810
2,269,124.19444444444441,810
2,270,116.05555555555559,810
2,271,145.88888888888894,816
2,272,110.86111111111114,828
2,273,141.9166666666667,828
2,274,128.11111111111111,828
2,275,112.52777777777777,828
2,276,138.61111111111106,834
2,277,135.30555555555557,834
2,278,115.58333333333336,834
2,279,143.08333333333331,846
2,280,134.55555555555563,882
2,281,133.49999999999997,882
2,282,127.11111111111114,882
2,283,132.7222222222223,912
2,284,113.16666666666666,912
2,285,126.41666666666667,924
2,286,138.47222222222226,924
2,287,139.77777777777777,924
2,288,141.50000000000003,924
2,289,111.2777777777778,924
2,290,117.2777777777778,924
2,291,111.16666666666674,924
2,292,117.22222222222223,924
2,293,114.69444444444449,924
2,294,130.44444444444449,930
2,295,107.72222222222223,966
2,296,127.47222222222221,972
2,297,121.47222222222229,972
2,298,96.1666666666667,978
2,299,117.55555555555556,978
2,300,120.66666666666667,978
2,301,144.61111111111106,978
2,302,138.30555555555557,978
2,303,123.97222222222224,978
2,304,130.3055555555556,978
2,305,132.47222222222226,978
2,306,149.38888888888894,978
2,307,125.80555555555559,978
2,308,119.44444444444447,978
2,309,129.8055555555556,978
2,310,146.41666666666663,978
2,311,145.55555555555554,978
2,312,124.08333333333333,978
2,313,121.02777777777774,1002
2,314,145.80555555555557,1020
2,315,119.3888888888889,1032
2,316,109.08333333333344,1050
2,317,127.44444444444446,1050
2,318,127.75000000000001,1056
2,319,145.08333333333337,1056
2,320,121.5,1062
2,321,125.69444444444447,1068
2,322,133.16666666666669,1080
2,323,121.94444444444453,1080
2,324,132.0,1080
2,325,130.77777777777774,1086
2,326,124.61111111111109,1086
2,327,119.2222222222223,1086
2,328,119.13888888888893,1092
2,329,125.83333333333341,1098
2,330,148.72222222222217,1098
2,331,125.4444444444445,1098
2,332,114.91666666666671,1098
2,333,131.58333333333337,1098
2,334,129.08333333333343,1110
2,335,125.83333333333336,1128
2,336,129.99999999999997,1128
2,337,140.36111111111114,1128
2,338,129.86111111111114,1134
2,339,113.00000000000001,1140
2,340,158.88888888888889,1140
2,341,109.61111111111114,1140
2,342,129.94444444444454,1146
2,343,139.63888888888894,1152
2,344,133.3055555555556,1164
2,345,123.11111111111113,1170
2,346,125.83333333333339,1176
2,347,92.77777777777781,1176
2,348,140.72222222222229,1176
2,349,112.55555555555554,1182
2,350,143.41666666666674,1206
2,351,107.72222222222224,1212
2,352,138.55555555555563,1212
2,353,118.58333333333334,1212
2,354,123.94444444444447,1212
2,355,137.25000000000003,1212
2,356,118.38888888888891,1212
2,357,138.55555555555557,1230
2,358,127.52777777777781,1230
2,359,134.6111111111111,1230
2,360,149.6111111111112,1230
2,361,117.05555555555554,1230
2,362,114.6944444444445,1230
2,363,108.36111111111107,1230
2,364,135.80555555555557,1230
2,365,125.36111111111104,1230
2,366,148.11111111111106,1230
2,367,124.9166666666667,1230
2,368,132.25000000000006,1230
2,369,131.02777777777783,1230
2,370,145.55555555555554,1266
2,371,129.0277777777778,1266
2,372,122.86111111111111,1266
2,373,118.58333333333339,1266
2,374,128.88888888888894,1266
2,375,164.1111111111111,1362
2,376,152.9444444444445,1362
2,377,131.75,1362
2,378,117.16666666666667,1362
2,379,117.55555555555551,1362
2,380,149.3055555555556,1362
2,381,128.8888888888889,1362
2,382,131.02777777777777,1362
2,383,147.22222222222223,1362
2,384,141.72222222222223,1362
2,385,138.27777777777783,1362
2,386,123.19444444444447,1362
2,387,146.97222222222226,1362
2,388,145.33333333333343,1362
2,389,119.25000000000004,1362
2,390,152.0277777777778,1362
2,391,111.5,1362
2,392,139.08333333333337,1362
2,393,141.4722222222222,1362
2,394,137.74999999999997,1362
2,395,132.99999999999997,1362
2,396,123.13888888888881,1362
2,397,119.77777777777779,1362
2,398,140.61111111111117,1362
2,399,119.30555555555561,1362
2,400,122.138888888889,1362
2,401,142.19444444444446,1362
2,402,158.49999999999997,1362
2,403,143.75,1362
2,404,135.44444444444446,1362
2,405,130.36111111111114,1362
2,406,131.30555555555557,1362
2,407,142.44444444444446,1362
2,408,116.77777777777786,1362
2,409,119.50000000000006,1362
2,410,140.0,1362
2,411,128.72222222222226,1362
2,412,130.30555555555557,1362
2,413,109.2777777777778,1362
2,414,132.22222222222229,1362
2,415,134.25000000000006,1362
2,416,117.52777777777781,1362
2,417,114.44444444444446,1362
2,418,128.77777777777777,1362
2,419,143.19444444444434,1362
2,420,129.6666666666667,1362
2,421,119.19444444444449,1362
2,422,136.00000000000003,1362
2,423,137.61111111111117,1362
2,424,112.75000000000001,1362
2,425,128.00000000000003,1362
2,426,128.44444444444443,1362
2,427,125.16666666666669,1362
2,428,124.97222222222221,1362
2,429,119.66666666666669,1362
2,430,144.58333333333337,1362
2,431,134.75000000000003,1362
2,432,132.6111111111111,1362
2,433,125.33333333333334,1362
2,434,148.05555555555557,1362
2,435,144.63888888888894,1362
2,436,135.61111111111111,1362
2,437,143.38888888888889,1362
2,438,131.0833333333334,1368
2,439,138.3333333333334,1410
2,440,117.38888888888894,1434
2,441,136.0833333333333,1446
2,442,141.88888888888886,1494
2,443,189.47222222222217,1494
2,444,190.97222222222229,1500
2,445,195.61111111111114,1506
2,446,230.66666666666674,1506
2,447,191.47222222222237,1518
2,448,198.3888888888889,1536
2,449,211.4166666666666,1536
2,450,198.47222222222211,1536
2,451,184.97222222222223,1536
2,452,195.13888888888889,1542
2,453,203.16666666666669,1542
2,454,208.13888888888883,1566
2,455,174.69444444444446,1572
2,456,216.19444444444434,1584
2,457,188.52777777777783,1590
2,458,209.97222222222211,1590
2,459,200.6666666666666,1596
2,460,180.02777777777777,1602
2,461,199.16666666666663,1602
2,462,190.7222222222222,1602
2,463,176.86111111111111,1608
2,464,187.8333333333334,1608
2,465,197.9444444444444,1614
2,466,209.24999999999997,1644
2,467,213.94444444444443,1668
2,468,231.2777777777778,1674
2,469,186.0,1674
2,470,226.75000000000009,1674
2,471,188.30555555555566,1686
2,472,211.0833333333334,1686
2,473,203.30555555555554,1686
2,474,214.9166666666667,1686
2,475,223.2222222222222,1692
2,476,198.02777777777774,1698
2,477,194.19444444444443,1698
2,478,195.38888888888889,1698
2,479,208.80555555555554,1698
2,480,202.08333333333331,1698
2,481,203.00000000000006,1698
2,482,216.69444444444454,1698
2,483,223.19444444444449,1698
2,484,218.16666666666657,1728
2,485,185.38888888888894,1734
2,486,195.91666666666677,1734
2,487,231.19444444444446,1734
2,488,216.41666666666669,1734
2,489,204.5,1734
2,490,192.36111111111106,1740
2,491,214.16666666666666,1746
2,492,203.74999999999994,1746
2,493,218.72222222222217,1752
2,494,204.47222222222223,1758
2,495,188.75000000000006,1764
2,496,223.38888888888886,1800
2,497,205.86111111111114,1800
2,498,207.6944444444444,1800
2,499,211.27777777777783,1800
2,500,233.61111111111114,1800
2,501,192.8333333333333,1800
2,502,219.9166666666667,1800
2,503,241.88888888888886,1800
2,504,214.02777777777777,1800
2,505,204.4722222222223,1824
2,506,233.36111111111114,1824
2,507,201.58333333333337,1824
2,508,213.52777777777777,1824
2,509,199.44444444444446,1830
2,510,229.22222222222217,1830
2,511,241.83333333333323,1830
2,512,207.49999999999994,1842
2,513,217.83333333333331,1842
2,514,210.72222222222223,1842
2,515,219.88888888888883,1842
2,516,208.6388888888889,1842
2,517,211.80555555555551,1842
2,518,220.3055555555556,1842
2,519,215.33333333333331,1842
2,520,207.55555555555551,1866
2,521,223.77777777777783,1866
2,522,218.94444444444446,1872
2,523,205.80555555555557,1878
2,524,220.19444444444446,1878
2,525,217.99999999999994,1878
2,526,238.97222222222229,1884
2,527,226.8055555555556,1902
2,528,222.72222222222217,1902
2,529,210.22222222222223,1908
2,530,210.69444444444437,1908
2,531,221.41666666666657,1908
2,532,231.9444444444444,1920
2,533,221.5277777777778,1920
2,534,226.6388888888889,1920
2,535,207.77777777777786,1920
2,536,207.63888888888894,1920
2,537,212.75000000000003,1920
2,538,212.4444444444445,1920
2,539,216.44444444444446,1920
2,540,230.25,1920
2,541,221.11111111111114,1920
2,542,217.41666666666669,1920
2,543,203.44444444444443,1920
2,544,211.72222222222211,1920
2,545,229.2222222222222,1920
2,546,220.94444444444443,1920
2,547,222.25,1920
2,548,228.33333333333334,1920
2,549,226.3611111111111,1920
2,550,218.05555555555557,1920
2,551,210.63888888888889,1920
2,552,224.8333333333334,1920
2,553,226.61111111111103,1920
2,554,229.94444444444449,1920
2,555,234.0555555555556,1920
2,556,215.47222222222223,1920
2,557,203.0555555555556,1920
2,558,210.08333333333331,1920
2,559,232.11111111111106,1920
2,560,205.94444444444449,1980
2,561,204.11111111111114,1998
2,562,215.1111111111111,1998
2,563,211.47222222222226,2016
2,564,230.02777777777771,2016
2,565,230.8333333333334,2028
2,566,211.47222222222217,2028
2,567,212.94444444444446,2028
2,568,205.80555555555557,2028
2,569,215.72222222222214,2028
2,570,199.91666666666657,2028
2,571,206.80555555555543,2028
2,572,217.36111111111117,2028
2,573,205.24999999999997,2034
2,574,235.69444444444443,2094
2,575,209.11111111111106,2100
2,576,205.38888888888889,2124
2,577,207.33333333333334,2142
2,578,214.41666666666666,2142
2,579,230.05555555555546,2148
2,580,220.0277777777778,2148
2,581,224.44444444444443,2148
2,582,220.80555555555551,2148
2,583,219.61111111111106,2148
2,584,202.11111111111114,2148
2,585,214.94444444444437,2148
2,586,209.99999999999994,2148
2,587,204.6388888888888,2148
2,588,214.52777777777786,2148
2,589,202.13888888888897,2148
2,590,206.22222222222223,2148
2,591,209.55555555555557,2148
2,592,224.02777777777777,2148
2,593,217.30555555555551,2148
2,594,230.36111111111123,2148
2,595,222.25000000000006,2148
2,596,234.4999999999999,2148
2,597,199.86111111111123,2148
2,598,227.2777777777778,2148
2,599,232.52777777777783,2148
2,600,222.5833333333333,2154
2,601,210.05555555555557,2208
2,602,205.55555555555554,2346
2,603,233.66666666666666,2448
2,604,222.36111111111111,2568
2,605,203.7222222222223,2568
2,606,215.72222222222217,2574
2,607,219.22222222222217,2718
2,608,223.3055555555555,2718
2,609,221.5555555555555,2718
2,610,224.3888888888889,2724
2,611,215.44444444444443,2748
2,612,230.72222222222217,2748
2,613,221.61111111111114,2748
2,614,214.72222222222223,2748
2,615,196.8333333333333,2748
2,616,216.77777777777786,2748
2,617,226.63888888888883,2748
2,618,232.6111111111111,2772
2,619,220.5833333333334,2772
2,620,230.83333333333331,2772
2,621,226.6111111111111,2772
2,622,221.88888888888889,2832
2,623,190.91666666666669,2832
2,624,216.6944444444445,2832
2,625,225.38888888888897,2832
2,626,214.2222222222222,2832
2,627,211.0833333333334,2832
2,628,207.30555555555546,2838
2,629,217.33333333333337,2874
2,630,216.72222222222229,2874
2,631,221.99999999999997,2880
2,632,222.22222222222223,2880
2,633,231.6111111111111,2880
2,634,213.50000000000006,2886
2,635,237.1111111111111,2886
2,636,218.41666666666666,2886
2,637,215.16666666666666,2892
2,638,235.08333333333337,2892
2,639,226.80555555555551,2892
2,640,222.47222222222223,2892
2,641,218.77777777777786,2892
2,642,234.75000000000009,2892
2,643,230.7777777777779,2892
2,644,228.74999999999994,2892
2,645,213.02777777777774,2892
2,646,212.52777777777777,2892
2,647,218.97222222222229,2904
2,648,223.0277777777778,2904
2,649,219.61111111111117,2904
2,650,235.13888888888883,2904
2,651,217.66666666666677,2910
2,652,224.27777777777786,2910
2,653,204.2222222222222,2910
2,654,219.49999999999994,2910
2,655,218.47222222222229,2910
2,656,201.97222222222234,2910
2,657,230.88888888888883,2910
2,658,218.58333333333331,2910
2,659,220.44444444444457,2910
2,660,218.38888888888889,2910
2,661,226.91666666666677,2910
2,662,234.3611111111111,2910
2,663,236.22222222222229,2910
2,664,216.77777777777777,2916
2,665,232.4722222222221,2916
2,666,201.8333333333334,2916
2,667,245.19444444444454,2916
2,668,209.91666666666666,2922
2,669,236.74999999999991,2934
2,670,237.91666666666666,2934
2,671,225.41666666666657,2934
2,672,237.27777777777783,2934
2,673,221.33333333333343,2934
2,674,229.2777777777778,2934
2,675,238.3611111111111,2934
2,676,234.30555555555569,2934
2,677,216.50000000000009,2994
2,678,215.41666666666669,3066
2,679,230.77777777777786,3066
2,680,236.4166666666666,3066
2,681,234.3333333333333,3108
2,682,245.74999999999994,3108
2,683,218.7777777777778,3108
2,684,238.41666666666669,3108
2,685,232.4166666666667,3108
2,686,215.66666666666666,3108
2,687,237.30555555555566,3108
2,688,229.50000000000003,3108
2,689,233.0555555555556,3126
2,690,224.88888888888889,3126
2,691,239.30555555555551,3126
2,692,238.80555555555563,3126
2,693,224.52777777777771,3126
2,694,221.13888888888894,3132
2,695,229.22222222222226,3132
2,696,235.7777777777777,3132
2,697,243.38888888888894,3132
2,698,238.2777777777778,3132
2,699,239.50000000000006,3138
2,700,243.63888888888886,3144
2,701,225.58333333333331,3144
2,702,222.27777777777774,3150
2,703,215.6111111111112,3150
2,704,242.83333333333346,3150
2,705,239.72222222222223,3150
2,706,211.16666666666666,3150
2,707,224.25,3150
2,708,245.69444444444449,3150
2,709,218.08333333333334,3150
2,710,244.77777777777774,3150
2,711,218.41666666666666,3150
2,712,224.52777777777774,3150
2,713,232.22222222222211,3150
2,714,225.58333333333334,3150
2,715,231.44444444444446,3150
2,716,228.5277777777778,3150
2,717,240.91666666666669,3150
2,718,233.74999999999994,3150
2,719,235.69444444444449,3168
2,720,237.30555555555557,3186
2,721,208.33333333333331,3186
2,722,223.08333333333334,3192
2,723,230.36111111111111,3192
2,724,240.5555555555556,3198
2,725,234.0,3198
2,726,212.74999999999994,3198
2,727,214.75000000000003,3258
2,728,225.3888888888889,3336
2,729,225.6944444444444,3336
2,730,218.05555555555554,3336
2,731,238.41666666666666,3360
2,732,246.77777777777786,3360
2,733,239.02777777777786,3360
2,734,242.05555555555554,3360
2,735,217.94444444444431,3360
2,736,226.86111111111114,3360
2,737,238.58333333333334,3360
2,738,242.11111111111114,3360
2,739,212.58333333333337,3360
2,740,211.3888888888889,3360
2,741,224.6944444444444,3360
2,742,234.63888888888886,3360
2,743,248.19444444444423,3360
2,744,250.1111111111111,3360
2,745,219.66666666666669,3366
2,746,224.36111111111106,3372
2,747,220.52777777777774,3372
2,748,231.2222222222222,3372
2,749,231.8055555555555,3372
2,750,221.25000000000006,3372
2,751,231.88888888888886,3372
2,752,240.88888888888886,3372
2,753,236.02777777777794,3372
2,754,228.25000000000003,3372
2,755,230.72222222222226,3372
2,756,228.19444444444434,3372
2,757,252.47222222222223,3372
2,758,225.50000000000009,3372
2,759,243.33333333333337,3372
2,760,230.80555555555554,3372
2,761,237.58333333333331,3372
2,762,220.9722222222222,3372
2,763,226.9444444444444,3372
2,764,246.80555555555554,3372
2,765,241.94444444444449,3372
2,766,228.0833333333333,3372
2,767,242.1388888888888,3372
2,768,236.19444444444434,3372
2,769,238.41666666666669,3372
2,770,241.7222222222222,3372
2,771,230.888888888889,3372
2,772,238.888888888889,3372
2,773,239.0,3372
2,774,222.66666666666663,3372
2,775,222.8333333333334,3372
2,776,222.8333333333334,3372
2,777,232.52777777777783,3372
2,778,209.08333333333334,3372
2,779,234.861111111111,3372
2,780,238.88888888888886,3372
2,781,227.5833333333332,3378
2,782,217.80555555555557,3384
2,783,225.61111111111103,3474
2,784,244.38888888888889,3474
2,785,221.3333333333333,3480
2,786,222.83333333333326,3480
2,787,234.22222222222223,3480
2,788,220.1944444444444,3480
2,789,210.66666666666654,3552
2,790,240.2222222222222,3552
2,791,238.3611111111112,3552
2,792,223.9444444444444,3552
2,793,217.38888888888883,3552
2,794,196.91666666666674,3552
2,795,206.58333333333337,3552
2,796,254.05555555555554,3552
2,797,227.00000000000006,3552
2,798,220.9166666666666,3552
2,799,218.22222222222226,3552
2,800,224.0555555555556,3552
2,801,207.19444444444446,3552
2,802,213.74999999999994,3552
2,803,221.1111111111111,3636
2,804,228.16666666666654,3858
2,805,215.47222222222234,3882
2,806,224.11111111111106,3882
2,807,230.88888888888886,3882
2,808,225.7777777777777,3882
2,809,230.5000000000001,3882
2,810,206.02777777777777,3882
2,811,231.27777777777777,4002
2,812,230.0555555555555,4008
2,813,218.5555555555555,4020
2,814,208.80555555555557,4074
2,815,214.97222222222223,4122
2,816,219.08333333333334,4122
2,817,206.41666666666663,4122
2,818,236.2222222222222,4122
2,819,233.52777777777783,4122
2,820,223.72222222222214,4122
2,821,225.11111111111117,4134
2,822,224.80555555555554,4134
2,823,226.2777777777778,4140
2,824,223.3611111111111,4140
2,825,213.2222222222222,4158
2,826,229.138888888889,4242
2,827,229.41666666666657,4242
2,828,239.02777777777786,4254
2,829,225.91666666666666,4260
2,830,211.50000000000003,4260
2,831,239.33333333333331,4260
2,832,225.19444444444443,4260
2,833,208.52777777777777,4260
2,834,244.47222222222217,4260
2,835,222.0555555555555,4260
2,836,221.72222222222229,4260
2,837,211.50000000000009,4260
2,838,218.61111111111111,4266
2,839,234.22222222222217,4266
2,840,238.5555555555556,4266
2,841,197.52777777777786,4290
2,842,228.4722222222222,4296
2,843,207.50000000000003,4302
2,844,212.80555555555557,4302
2,845,230.9999999999999,4308
2,846,231.55555555555563,4320
2,847,233.41666666666669,4320
2,848,217.8333333333333,4320
2,849,221.69444444444446,4320
2,850,207.72222222222229,4320
2,851,217.8611111111111,4338
2,852,210.72222222222226,4338
2,853,222.72222222222217,4338
2,854,204.75000000000009,4338
2,855,224.69444444444449,4338
2,856,237.97222222222223,4338
2,857,222.16666666666663,4338
2,858,225.19444444444454,4344
2,859,249.16666666666669,4350
2,860,221.88888888888894,4350
2,861,233.3333333333333,4362
2,862,236.33333333333331,4386
2,863,217.1944444444445,4392
2,864,237.1111111111111,4404
2,865,217.99999999999997,4404
2,866,233.3333333333334,4410
2,867,225.75000000000003,4410
2,868,238.61111111111106,4410
2,869,215.36111111111111,4422
2,870,231.38888888888886,4428
2,871,234.27777777777771,4440
2,872,241.16666666666677,4440
2,873,221.05555555555551,4446
2,874,223.61111111111114,4446
2,875,201.5277777777778,4446
2,876,241.61111111111114,4446
2,877,220.0277777777778,4446
2,878,223.1944444444445,4446
2,879,209.0,4488
2,880,203.8611111111112,4488
2,881,231.0,4494
2,882,224.08333333333326,4494
2,883,213.80555555555546,4506
2,884,226.3611111111112,4506
2,885,210.63888888888897,4506
2,886,213.22222222222214,4506
2,887,227.61111111111111,4512
2,888,226.77777777777783,4512
2,889,218.3888888888889,4512
2,890,232.6388888888889,4512
2,891,209.41666666666669,4530
2,892,223.19444444444446,4530
2,893,205.27777777777774,4530
2,894,233.47222222222211,4530
2,895,247.3888888888889,4536
2,896,230.36111111111111,4536
2,897,221.69444444444449,4554
2,898,234.24999999999994,4566
2,899,235.77777777777777,4566
2,900,212.80555555555563,4566
2,901,219.74999999999997,4566
2,902,222.91666666666677,4566
2,903,243.5,4566
2,904,224.66666666666669,4566
2,905,220.16666666666669,4566
2,906,222.36111111111117,4566
2,907,235.02777777777786,4566
2,908,226.80555555555551,4566
2,909,202.88888888888883,4566
2,910,232.74999999999994,4566
2,911,226.83333333333334,4572
2,912,243.83333333333337,4578
2,913,233.4166666666665,4608
2,914,212.83333333333331,4614
2,915,232.38888888888886,4638
2,916,223.38888888888877,4656
2,917,217.38888888888877,4698
2,918,243.5277777777778,4704
2,919,237.72222222222217,4704
2,920,214.99999999999997,4704
2,921,236.7499999999999,4710
2,922,254.4166666666667,4722
2,923,239.2777777777777,4728
2,924,231.02777777777783,4728
2,925,216.75000000000006,4734
2,926,212.75000000000003,4746
2,927,223.97222222222214,4746
2,928,238.66666666666683,4764
2,929,225.58333333333323,4764
2,930,223.08333333333334,4764
2,931,220.24999999999994,4764
2,932,238.74999999999997,4764
2,933,230.05555555555566,4770
2,934,231.47222222222223,4782
2,935,216.22222222222229,4782
2,936,202.97222222222226,4782
2,937,223.99999999999997,4782
2,938,221.11111111111106,4788
2,939,216.86111111111126,4788
2,940,228.72222222222226,4788
2,941,211.38888888888889,4794
2,942,241.74999999999997,4794
2,943,208.25000000000006,4794
2,944,223.47222222222223,4794
2,945,209.49999999999991,4794
2,946,207.27777777777774,4794
2,947,223.05555555555566,4794
2,948,219.24999999999994,4812
2,949,222.69444444444443,4824
2,950,231.80555555555563,4824
2,951,213.86111111111126,4842
2,952,217.66666666666683,4848
2,953,225.3888888888889,4854
2,954,217.33333333333331,4866
2,955,255.13888888888894,4866
2,956,233.69444444444434,4866
2,957,212.1944444444444,4866
2,958,231.6111111111111,4866
2,959,223.4444444444444,4866
2,960,239.4166666666667,4866
2,961,217.0555555555556,4866
2,962,234.58333333333334,4866
2,963,239.44444444444446,4866
2,964,244.2222222222222,4866
2,965,224.91666666666674,4878
2,966,227.2499999999999,4926
2,967,224.5833333333334,5004
2,968,232.55555555555551,5028
2,969,235.19444444444449,5034
2,970,248.52777777777774,5034
2,971,244.16666666666657,5034
2,972,243.66666666666666,5040
2,973,243.97222222222226,5046
2,974,244.19444444444434,5046
2,975,238.13888888888886,5046
2,976,237.66666666666652,5058
2,977,235.49999999999997,5070
2,978,222.22222222222223,5082
2,979,237.0,5082
2,980,239.0277777777779,5106
2,981,229.13888888888883,5112
2,982,242.13888888888886,5124
2,983,225.44444444444446,5130
2,984,227.16666666666663,5130
2,985,232.6666666666666,5130
2,986,226.69444444444446,5136
2,987,226.2222222222222,5136
2,988,234.91666666666677,5136
2,989,235.13888888888877,5136
2,990,246.27777777777777,5142
2,991,248.80555555555551,5148
2,992,211.55555555555546,5148
2,993,232.02777777777774,5154
2,994,244.3611111111111,5160
2,995,233.99999999999997,5166
2,996,247.8333333333333,5166
2,997,240.94444444444443,5178
2,998,221.30555555555557,5178
2,999,236.13888888888889,5196
2,1000,235.0,5214
